lexicon,lev, length_count, neighbors
real,1,8,2
real,1,4,5187
real,1,5,978
real,1,6,111
real,1,7,19
real,2,8,11
real,2,4,48441
real,2,5,7858
real,2,6,664
real,2,7,57
real,3,8,29
real,3,4,314160
real,3,5,49789
real,3,6,4499
real,3,7,421
real,4,8,131
real,4,4,1316742
real,4,5,226051
real,4,6,24411
real,4,7,2259
real,5,8,580
real,5,5,593799
real,5,6,91068
real,5,7,10398
real,6,8,2259
real,6,6,183837
real,6,7,32342
real,7,8,5975
real,7,7,48465
real,8,8,6944
0,1,8,1
0,1,4,4953
0,1,5,1125
0,1,6,133
0,1,7,11
0,2,8,4
0,2,4,47368
0,2,5,7346
0,2,6,748
0,2,7,56
0,3,8,8
0,3,4,321816
0,3,5,49216
0,3,6,4243
0,3,7,257
0,4,8,71
0,4,4,1310393
0,4,5,225901
0,4,6,22207
0,4,7,1533
0,5,8,411
0,5,5,594887
0,5,6,86495
0,5,7,8316
0,6,8,1825
0,6,6,190764
0,6,7,29917
0,7,8,5513
0,7,7,53871
0,8,8,8098
1,1,8,1
1,1,4,4984
1,1,5,1010
1,1,6,121
1,1,7,13
1,2,8,5
1,2,4,48546
1,2,5,7007
1,2,6,731
1,2,7,66
1,3,8,19
1,3,4,325832
1,3,5,47104
1,3,6,4279
1,3,7,326
1,4,8,64
1,4,4,1305168
1,4,5,227476
1,4,6,23910
1,4,7,1823
1,5,8,399
1,5,5,595878
1,5,6,87686
1,5,7,8795
1,6,8,1673
1,6,6,187863
1,6,7,29832
1,7,8,5163
1,7,7,53106
1,8,8,8607
2,1,8,1
2,1,4,5019
2,1,5,1063
2,1,6,106
2,1,7,8
2,2,4,46986
2,2,5,7448
2,2,6,677
2,2,7,59
2,3,8,14
2,3,4,322514
2,3,5,49471
2,3,6,4240
2,3,7,290
2,4,8,65
2,4,4,1310011
2,4,5,229040
2,4,6,23965
2,4,7,1564
2,5,8,364
2,5,5,591453
2,5,6,89721
2,5,7,8256
2,6,8,1718
2,6,6,185881
2,6,7,29582
2,7,8,5382
2,7,7,54202
2,8,8,8387
3,1,8,1
3,1,4,4926
3,1,5,1105
3,1,6,137
3,1,7,11
3,2,8,2
3,2,4,48083
3,2,5,7439
3,2,6,631
3,2,7,67
3,3,8,10
3,3,4,322629
3,3,5,48841
3,3,6,3747
3,3,7,321
3,4,8,59
3,4,4,1308892
3,4,5,228149
3,4,6,21493
3,4,7,1767
3,5,8,394
3,5,5,592941
3,5,6,88345
3,5,7,8524
3,6,8,1792
3,6,6,190237
3,6,7,29516
3,7,8,5362
3,7,7,53755
3,8,8,8311
4,1,8,2
4,1,4,4858
4,1,5,1020
4,1,6,119
4,1,7,13
4,2,8,5
4,2,4,47255
4,2,5,6933
4,2,6,719
4,2,7,55
4,3,8,4
4,3,4,320444
4,3,5,49350
4,3,6,4576
4,3,7,299
4,4,8,54
4,4,4,1311973
4,4,5,229201
4,4,6,24760
4,4,7,1789
4,5,8,359
4,5,5,591971
4,5,6,90796
4,5,7,9086
4,6,8,1658
4,6,6,183620
4,6,7,30816
4,7,8,5291
4,7,7,51903
4,8,8,8558
5,1,8,1
5,1,4,4947
5,1,5,1108
5,1,6,155
5,1,7,11
5,2,8,2
5,2,4,47256
5,2,5,7721
5,2,6,755
5,2,7,51
5,3,8,19
5,3,4,321520
5,3,5,50294
5,3,6,4465
5,3,7,305
5,4,8,68
5,4,4,1310807
5,4,5,229851
5,4,6,23639
5,4,7,1656
5,5,8,421
5,5,5,589501
5,5,6,88961
5,5,7,8190
5,6,8,1805
5,6,6,186615
5,6,7,29498
5,7,8,5428
5,7,7,54250
5,8,8,8187
6,1,8,1
6,1,4,4968
6,1,5,1024
6,1,6,117
6,1,7,11
6,2,8,3
6,2,4,48191
6,2,5,7186
6,2,6,682
6,2,7,46
6,3,8,17
6,3,4,320426
6,3,5,48326
6,3,6,4317
6,3,7,284
6,4,8,89
6,4,4,1310945
6,4,5,229114
6,4,6,23509
6,4,7,1627
6,5,8,471
6,5,5,592825
6,5,6,90923
6,5,7,8469
6,6,8,1930
6,6,6,185042
6,6,7,29482
6,7,8,5497
6,7,7,54042
6,8,8,7923
7,1,8,1
7,1,4,5052
7,1,5,992
7,1,6,119
7,1,7,15
7,2,8,1
7,2,4,48434
7,2,5,7051
7,2,6,672
7,2,7,58
7,3,8,15
7,3,4,325943
7,3,5,48193
7,3,6,3970
7,3,7,298
7,4,8,60
7,4,4,1305101
7,4,5,222988
7,4,6,21897
7,4,7,1773
7,5,8,307
7,5,5,599251
7,5,6,87969
7,5,7,8577
7,6,8,1588
7,6,6,189963
7,6,7,29148
7,7,8,5228
7,7,7,54092
7,8,8,8731
8,1,8,1
8,1,4,5009
8,1,5,1032
8,1,6,140
8,1,7,10
8,2,8,2
8,2,4,48085
8,2,5,7383
8,2,6,746
8,2,7,46
8,3,8,19
8,3,4,318568
8,3,5,49726
8,3,6,4472
8,3,7,300
8,4,8,55
8,4,4,1312868
8,4,5,227601
8,4,6,24149
8,4,7,1696
8,5,8,331
8,5,5,592733
8,5,6,88559
8,5,7,8718
8,6,8,1772
8,6,6,186524
8,6,7,30614
8,7,8,5294
8,7,7,52577
8,8,8,8457
9,1,8,1
9,1,4,4747
9,1,5,1092
9,1,6,159
9,1,7,8
9,2,8,5
9,2,4,46869
9,2,5,7306
9,2,6,825
9,2,7,58
9,3,8,22
9,3,4,320003
9,3,5,48707
9,3,6,4534
9,3,7,239
9,4,8,61
9,4,4,1312911
9,4,5,231115
9,4,6,23835
9,4,7,1486
9,5,8,386
9,5,5,590255
9,5,6,89205
9,5,7,7800
9,6,8,1760
9,6,6,186032
9,6,7,29233
9,7,8,5395
9,7,7,55137
9,8,8,8301
