lexicon,lev, length_count, neighbors
real,1,3,11138
real,1,4,5187
real,1,5,978
real,1,6,111
real,1,7,19
real,1,8,2
real,2,3,147601
real,2,4,48441
real,2,5,7858
real,2,6,664
real,2,7,57
real,2,8,11
real,3,3,814971
real,3,4,314160
real,3,5,49789
real,3,6,4499
real,3,7,421
real,3,8,29
real,4,8,131
real,4,4,1316742
real,4,5,226051
real,4,6,24411
real,4,7,2259
real,5,8,580
real,5,5,593799
real,5,6,91068
real,5,7,10398
real,6,8,2259
real,6,6,183837
real,6,7,32342
real,7,8,5975
real,7,7,48465
real,8,8,6944
0,1,3,10660
0,1,4,5218
0,1,5,849
0,1,6,76
0,1,7,3
0,2,3,144490
0,2,4,51621
0,2,5,7361
0,2,6,545
0,2,7,34
0,2,8,1
0,3,3,818560
0,3,4,334644
0,3,5,49233
0,3,6,3710
0,3,7,222
0,3,8,13
0,4,8,53
0,4,4,1293047
0,4,5,226233
0,4,6,20544
0,4,7,1452
0,5,8,340
0,5,5,594799
0,5,6,85292
0,5,7,7970
0,6,8,1585
0,6,6,194423
0,6,7,28990
0,7,8,5311
0,7,7,55290
0,8,8,8628
1,1,3,10638
1,1,4,5471
1,1,5,817
1,1,6,72
1,1,7,4
1,2,3,144428
1,2,4,51858
1,2,5,7259
1,2,6,612
1,2,7,15
1,3,3,818644
1,3,4,332734
1,3,5,49159
1,3,6,3992
1,3,7,210
1,3,8,8
1,4,8,44
1,4,4,1294467
1,4,5,224505
1,4,6,22155
1,4,7,1338
1,5,8,314
1,5,5,596735
1,5,6,87400
1,5,7,7220
1,6,8,1682
1,6,6,190359
1,6,7,28427
1,7,8,5435
1,7,7,56747
1,8,8,8448
2,1,3,10460
2,1,4,5479
2,1,5,742
2,1,6,74
2,1,7,2
2,2,3,142958
2,2,4,52504
2,2,5,6735
2,2,6,607
2,2,7,30
2,2,8,1
2,3,3,820292
2,3,4,337410
2,3,5,47041
2,3,6,4137
2,3,7,229
2,3,8,9
2,4,8,62
2,4,4,1289137
2,4,5,221563
2,4,6,21801
2,4,7,1505
2,5,8,362
2,5,5,602394
2,5,6,88548
2,5,7,7987
2,6,8,1695
2,6,6,189423
2,6,7,29226
2,7,8,5253
2,7,7,54982
2,8,8,8549
3,1,3,10740
3,1,4,5479
3,1,5,849
3,1,6,81
3,1,7,5
3,2,3,144393
3,2,4,53398
3,2,5,6969
3,2,6,592
3,2,7,38
3,2,8,1
3,3,3,818577
3,3,4,337480
3,3,5,47429
3,3,6,4078
3,3,7,239
3,3,8,4
3,4,8,59
3,4,4,1288173
3,4,5,223883
3,4,6,22276
3,4,7,1440
3,5,8,304
3,5,5,599345
3,5,6,87413
3,5,7,7484
3,6,8,1661
3,6,6,190150
3,6,7,28404
3,7,8,5357
3,7,7,56351
3,8,8,8545
4,1,3,10793
4,1,4,5325
4,1,5,787
4,1,6,54
4,1,7,2
4,2,3,142325
4,2,4,50866
4,2,5,6761
4,2,6,487
4,2,7,24
4,3,3,820592
4,3,4,334408
4,3,5,47482
4,3,6,3859
4,3,7,208
4,3,8,4
4,4,8,61
4,4,4,1293931
4,4,5,226678
4,4,6,21675
4,4,7,1438
4,5,8,345
4,5,5,596767
4,5,6,85993
4,5,7,7674
4,6,8,1564
4,6,6,192522
4,6,7,28992
4,7,8,5158
4,7,7,55623
4,8,8,8799
5,1,3,10428
5,1,4,5260
5,1,5,812
5,1,6,58
5,1,7,4
5,2,3,142291
5,2,4,50123
5,2,5,7044
5,2,6,522
5,2,7,19
5,2,8,1
5,3,3,820991
5,3,4,329642
5,3,5,49118
5,3,6,3715
5,3,7,221
5,3,8,6
5,4,8,46
5,4,4,1299505
5,4,5,224073
5,4,6,21270
5,4,7,1499
5,5,8,326
5,5,5,597428
5,5,6,85902
5,5,7,7886
5,6,8,1617
5,6,6,193123
5,6,7,28251
5,7,8,5282
5,7,7,56081
5,8,8,8653
6,1,3,10762
6,1,4,5193
6,1,5,779
6,1,6,74
6,1,7,2
6,2,3,145702
6,2,4,50781
6,2,5,6572
6,2,6,533
6,2,7,28
6,2,8,1
6,3,3,817246
6,3,4,332987
6,3,5,46507
6,3,6,3825
6,3,7,216
6,3,8,8
6,4,8,50
6,4,4,1295569
6,4,5,222780
6,4,6,22294
6,4,7,1546
6,5,8,317
6,5,5,601837
6,5,6,88353
6,5,7,7845
6,6,8,1564
6,6,6,189511
6,6,7,28735
6,7,8,5196
6,7,7,55589
6,8,8,8795
7,1,3,10535
7,1,4,5273
7,1,5,924
7,1,6,67
7,1,7,5
7,2,3,142793
7,2,4,50602
7,2,5,7283
7,2,6,522
7,2,7,27
7,2,8,2
7,3,3,820382
7,3,4,331284
7,3,5,50607
7,3,6,3515
7,3,7,253
7,3,8,5
7,4,8,41
7,4,4,1297371
7,4,5,226943
7,4,6,20609
7,4,7,1425
7,5,8,339
7,5,5,592718
7,5,6,86030
7,5,7,7636
7,6,8,1672
7,6,6,193847
7,6,7,28689
7,7,8,5396
7,7,7,55926
7,8,8,8476
8,1,3,10553
8,1,4,5175
8,1,5,855
8,1,6,65
8,1,7,3
8,2,3,141732
8,2,4,50152
8,2,5,7040
8,2,6,542
8,2,7,41
8,3,3,821425
8,3,4,330923
8,3,5,48245
8,3,6,3818
8,3,7,220
8,3,8,14
8,4,8,75
8,4,4,1298280
8,4,5,226041
8,4,6,21009
8,4,7,1493
8,5,8,413
8,5,5,596294
8,5,6,85896
8,5,7,8071
8,6,8,1701
8,6,6,193260
8,6,7,29075
8,7,8,5432
8,7,7,55058
8,8,8,8296
9,1,3,10455
9,1,4,5231
9,1,5,848
9,1,6,65
9,1,7,4
9,2,3,141896
9,2,4,50335
9,2,5,7018
9,2,6,531
9,2,7,31
9,2,8,1
9,3,3,821359
9,3,4,327376
9,3,5,48790
9,3,6,3565
9,3,7,234
9,3,8,9
9,4,8,58
9,4,4,1301588
9,4,5,223704
9,4,6,20998
9,4,7,1577
9,5,8,375
9,5,5,598115
9,5,6,84632
9,5,7,8053
9,6,8,1764
9,6,6,194799
9,6,7,28953
9,7,8,5539
9,7,7,55109
9,8,8,8185
