lexicon,lev, length_count, neighbors
real,1,1,6
real,1,2,1067
real,1,3,11138
real,1,4,5187
real,1,5,978
real,1,6,111
real,1,7,19
real,1,8,2
real,2,2,10409
real,2,3,147601
real,2,4,48441
real,2,5,7858
real,2,6,664
real,2,7,57
real,2,8,11
real,3,3,814971
real,3,4,314160
real,3,5,49789
real,3,6,4499
real,3,7,421
real,3,8,29
real,3,9,2
real,4,4,1316742
real,4,5,226051
real,4,6,24411
real,4,7,2259
real,4,8,131
real,4,9,5
real,4,10,1
real,5,5,593799
real,5,6,91068
real,5,7,10398
real,5,8,580
real,5,9,14
real,5,10,1
real,6,8,2259
real,6,9,87
real,6,10,4
real,6,6,183837
real,6,7,32342
real,7,8,5975
real,7,9,244
real,7,10,12
real,7,11,1
real,7,7,48465
real,8,8,6944
real,8,9,573
real,8,10,61
real,8,11,1
real,9,9,560
real,9,10,106
real,9,11,5
real,10,10,91
real,10,11,8
real,11,11,13
real,11,12,1
0,1,1,55
0,1,2,1152
0,1,3,2256
0,1,4,608
0,1,5,102
0,1,6,31
0,1,7,7
0,1,8,1
0,2,2,12709
0,2,3,29040
0,2,4,5621
0,2,5,626
0,2,6,60
0,2,7,14
0,2,8,5
0,3,3,158740
0,3,4,36602
0,3,5,4508
0,3,6,545
0,3,7,113
0,3,8,30
0,3,9,1
0,3,11,1
0,4,4,145974
0,4,5,25722
0,4,6,4371
0,4,7,1010
0,4,8,186
0,4,9,23
0,4,10,11
0,4,11,1
0,5,5,87870
0,5,6,22621
0,5,7,6908
0,5,8,1086
0,5,9,143
0,5,10,14
0,5,11,1
0,5,12,1
0,6,6,59943
0,6,7,30308
0,6,8,6266
0,6,9,894
0,6,10,139
0,6,11,25
0,6,12,2
0,6,14,1
0,7,7,69520
0,7,8,25072
0,7,9,4976
0,7,10,926
0,7,11,186
0,7,12,35
0,7,13,3
0,8,8,49164
0,8,9,18401
0,8,10,4342
0,8,11,1021
0,8,12,171
0,8,13,27
0,8,14,7
0,8,15,1
0,8,16,1
0,9,9,33873
0,9,10,13825
0,9,11,4909
0,9,12,916
0,9,13,208
0,9,14,29
0,9,15,5
0,9,16,2
0,10,10,21498
0,10,11,14410
0,10,12,3675
0,10,13,971
0,10,14,168
0,10,15,35
0,10,16,6
0,10,17,1
0,11,11,19349
0,11,12,9478
0,11,13,3745
0,11,14,837
0,11,15,158
0,11,16,62
0,11,17,5
0,11,18,2
0,12,12,10922
0,12,13,9010
0,12,14,2774
0,12,15,702
0,12,16,237
0,12,17,22
0,12,18,12
0,12,19,1
0,13,13,9907
0,13,14,5857
0,13,15,2590
0,13,16,964
0,13,17,115
0,13,18,42
0,13,19,5
0,13,20,1
0,14,14,5552
0,14,15,5333
0,14,16,2690
0,14,17,525
0,14,18,168
0,14,19,43
0,14,20,8
0,14,21,2
0,15,15,5037
0,15,16,4902
0,15,17,1568
0,15,18,647
0,15,19,177
0,15,20,33
0,15,21,8
0,15,22,3
0,16,16,4016
0,16,17,2821
0,16,18,1659
0,16,19,519
0,16,20,138
0,16,21,51
0,16,22,8
0,16,23,1
0,16,24,1
0,17,17,2324
0,17,18,2375
0,17,19,1330
0,17,20,461
0,17,21,208
0,17,22,47
0,17,23,8
0,17,24,5
0,18,18,1536
0,18,19,1811
0,18,20,1014
0,18,21,632
0,18,22,158
0,18,23,42
0,18,24,13
0,18,25,1
0,18,26,1
0,19,19,1164
0,19,20,1298
0,19,21,1337
0,19,22,463
0,19,23,170
0,19,24,73
0,19,25,5
0,19,26,1
0,20,20,788
0,20,21,1713
0,20,22,831
0,20,23,392
0,20,24,176
0,20,25,24
0,20,26,7
0,20,27,2
0,21,21,900
0,21,22,955
0,21,23,713
0,21,24,458
0,21,25,88
0,21,26,30
0,21,27,6
0,21,28,3
0,22,22,461
0,22,23,841
0,22,24,803
0,22,25,223
0,22,26,76
0,22,27,18
0,22,28,12
0,22,29,3
0,22,31,1
0,23,23,389
0,23,24,827
0,23,25,389
0,23,26,176
0,23,27,51
0,23,28,31
0,23,29,10
0,23,30,4
0,24,24,345
0,24,25,388
0,24,26,272
0,24,27,92
0,24,28,115
0,24,29,24
0,24,30,7
0,25,32,2
0,25,33,1
0,25,25,157
0,25,26,227
0,25,27,145
0,25,28,221
0,25,29,49
0,25,30,20
0,25,31,4
0,26,32,3
0,26,33,2
0,26,35,1
0,26,26,71
0,26,27,145
0,26,28,271
0,26,29,88
0,26,30,51
0,26,31,14
0,27,32,16
0,27,33,3
0,27,34,1
0,27,37,1
0,27,27,37
0,27,28,203
0,27,29,96
0,27,30,93
0,27,31,31
0,28,32,37
0,28,33,18
0,28,34,2
0,28,35,4
0,28,36,1
0,28,37,1
0,28,28,47
0,28,29,70
0,28,30,91
0,28,31,61
0,29,32,47
0,29,33,42
0,29,34,4
0,29,35,4
0,29,36,1
0,29,29,11
0,29,30,69
0,29,31,75
0,30,32,45
0,30,33,61
0,30,34,12
0,30,35,18
0,30,36,1
0,30,37,4
0,30,30,16
0,30,31,58
0,31,32,17
0,31,33,46
0,31,34,12
0,31,35,18
0,31,36,7
0,31,37,4
0,31,38,1
0,31,39,1
0,31,31,9
0,32,32,4
0,32,33,30
0,32,34,8
0,32,35,28
0,32,36,14
0,32,37,18
0,32,38,4
0,33,33,7
0,33,34,4
0,33,35,30
0,33,36,15
0,33,37,17
0,33,38,3
0,33,39,3
0,33,40,2
0,34,34,2
0,34,35,14
0,34,36,8
0,34,37,22
0,34,38,13
0,34,39,2
0,34,40,2
0,35,35,3
0,35,36,7
0,35,37,9
0,35,38,11
0,35,39,4
0,35,40,6
0,36,40,5
0,36,36,1
0,36,37,2
0,36,38,10
0,36,39,5
0,37,40,12
0,37,38,3
0,37,39,6
0,38,40,5
0,39,40,4
1,1,1,36
1,1,2,1182
1,1,3,2141
1,1,4,528
1,1,5,139
1,1,6,21
1,1,7,5
1,2,2,11859
1,2,3,27506
1,2,4,5019
1,2,5,671
1,2,6,58
1,2,7,10
1,2,8,2
1,3,3,157319
1,3,4,31402
1,3,5,4874
1,3,6,551
1,3,7,91
1,3,8,30
1,3,9,2
1,4,4,126929
1,4,5,28544
1,4,6,4500
1,4,7,820
1,4,8,121
1,4,9,27
1,4,10,5
1,4,11,1
1,5,5,98642
1,5,6,25872
1,5,7,5527
1,5,8,908
1,5,9,115
1,5,10,25
1,5,11,4
1,5,12,1
1,6,6,74568
1,6,7,24383
1,6,8,5375
1,6,9,883
1,6,10,169
1,6,11,27
1,6,12,3
1,6,13,1
1,7,7,55900
1,7,8,22195
1,7,9,4445
1,7,10,1040
1,7,11,174
1,7,12,33
1,7,13,3
1,8,8,46060
1,8,9,16740
1,8,10,4925
1,8,11,974
1,8,12,173
1,8,13,25
1,8,14,6
1,8,15,1
1,9,9,29148
1,9,10,15854
1,9,11,4160
1,9,12,910
1,9,13,170
1,9,14,37
1,9,15,6
1,9,16,2
1,10,10,24342
1,10,11,12122
1,10,12,4062
1,10,13,822
1,10,14,203
1,10,15,49
1,10,16,9
1,10,17,1
1,11,11,16468
1,11,12,11158
1,11,13,3071
1,11,14,952
1,11,15,205
1,11,16,62
1,11,17,11
1,12,12,14536
1,12,13,7390
1,12,14,3259
1,12,15,878
1,12,16,259
1,12,17,51
1,12,18,7
1,12,19,2
1,12,20,1
1,13,13,8219
1,13,14,6862
1,13,15,2741
1,13,16,992
1,13,17,204
1,13,18,34
1,13,19,6
1,13,20,2
1,13,21,1
1,14,14,6447
1,14,15,5293
1,14,16,2905
1,14,17,911
1,14,18,187
1,14,19,54
1,14,20,9
1,14,21,1
1,15,15,4522
1,15,16,5313
1,15,17,2306
1,15,18,629
1,15,19,140
1,15,20,34
1,15,21,13
1,16,16,4319
1,16,17,3834
1,16,18,1595
1,16,19,519
1,16,20,145
1,16,21,40
1,16,22,11
1,16,23,1
1,16,24,1
1,17,17,2693
1,17,18,2578
1,17,19,1355
1,17,20,425
1,17,21,139
1,17,22,31
1,17,23,15
1,17,24,1
1,17,25,1
1,18,18,1756
1,18,19,2017
1,18,20,1040
1,18,21,379
1,18,22,124
1,18,23,47
1,18,24,2
1,18,25,1
1,19,19,1263
1,19,20,1322
1,19,21,747
1,19,22,353
1,19,23,125
1,19,24,28
1,19,25,13
1,19,26,4
1,19,28,1
1,20,20,763
1,20,21,913
1,20,22,739
1,20,23,323
1,20,24,69
1,20,25,34
1,20,26,18
1,20,27,3
1,20,28,1
1,21,21,395
1,21,22,866
1,21,23,616
1,21,24,155
1,21,25,131
1,21,26,52
1,21,27,5
1,21,28,4
1,22,22,432
1,22,23,672
1,22,24,248
1,22,25,305
1,22,26,157
1,22,27,48
1,22,28,7
1,22,29,1
1,23,23,281
1,23,24,227
1,23,25,537
1,23,26,331
1,23,27,136
1,23,28,36
1,23,29,7
1,23,30,3
1,23,31,1
1,24,24,89
1,24,25,438
1,24,26,488
1,24,27,278
1,24,28,94
1,24,29,28
1,24,30,7
1,24,31,1
1,25,32,1
1,25,33,1
1,25,25,136
1,25,26,401
1,25,27,410
1,25,28,156
1,25,29,57
1,25,30,32
1,25,31,2
1,26,32,5
1,26,33,3
1,26,26,145
1,26,27,374
1,26,28,231
1,26,29,142
1,26,30,85
1,26,31,18
1,27,32,11
1,27,33,15
1,27,34,2
1,27,27,124
1,27,28,196
1,27,29,218
1,27,30,174
1,27,31,44
1,28,32,32
1,28,33,28
1,28,34,10
1,28,35,1
1,28,36,1
1,28,28,54
1,28,29,140
1,28,30,175
1,28,31,63
1,29,32,65
1,29,33,45
1,29,34,22
1,29,35,2
1,29,36,3
1,29,29,37
1,29,30,98
1,29,31,68
1,30,32,69
1,30,33,74
1,30,34,45
1,30,35,7
1,30,36,2
1,30,38,2
1,30,39,1
1,30,30,21
1,30,31,43
1,31,32,43
1,31,33,54
1,31,34,88
1,31,35,14
1,31,36,13
1,31,37,3
1,31,38,3
1,31,31,13
1,32,32,5
1,32,33,27
1,32,34,92
1,32,35,21
1,32,36,34
1,32,37,3
1,32,39,2
1,32,40,3
1,33,33,6
1,33,34,36
1,33,35,14
1,33,36,53
1,33,37,15
1,33,38,10
1,33,39,2
1,33,40,3
1,34,34,5
1,34,35,3
1,34,36,62
1,34,37,11
1,34,38,15
1,34,39,11
1,34,40,6
1,35,35,4
1,35,36,34
1,35,37,20
1,35,38,18
1,35,39,15
1,35,40,10
1,36,40,15
1,36,36,8
1,36,37,12
1,36,38,1
1,36,39,25
1,37,40,17
1,37,37,2
1,37,38,6
1,37,39,14
1,38,40,9
1,38,39,7
1,39,40,3
1,39,39,1
2,1,1,45
2,1,2,1086
2,1,3,2071
2,1,4,622
2,1,5,103
2,1,6,12
2,1,7,7
2,2,2,12444
2,2,3,27302
2,2,4,5780
2,2,5,609
2,2,6,58
2,2,7,16
2,2,8,1
2,3,3,155155
2,3,4,34958
2,3,5,4361
2,3,6,594
2,3,7,125
2,3,8,17
2,3,9,5
2,4,4,141350
2,4,5,25140
2,4,6,5097
2,4,7,925
2,4,8,151
2,4,9,14
2,4,10,3
2,4,11,2
2,5,5,87642
2,5,6,28088
2,5,7,6160
2,5,8,993
2,5,9,85
2,5,10,24
2,5,11,2
2,6,6,77307
2,6,7,28481
2,6,8,5985
2,6,9,841
2,6,10,151
2,6,11,21
2,6,12,5
2,6,13,2
2,7,7,70316
2,7,8,23373
2,7,9,4350
2,7,10,880
2,7,11,160
2,7,12,37
2,7,13,7
2,8,8,47690
2,8,9,16092
2,8,10,4424
2,8,11,997
2,8,12,190
2,8,13,32
2,8,14,6
2,8,16,2
2,9,9,28383
2,9,10,15278
2,9,11,4726
2,9,12,1270
2,9,13,147
2,9,14,30
2,9,15,4
2,9,16,2
2,9,17,1
2,10,10,23493
2,10,11,14019
2,10,12,5112
2,10,13,778
2,10,14,149
2,10,15,39
2,10,16,14
2,10,19,1
2,11,11,19694
2,11,12,13034
2,11,13,2948
2,11,14,807
2,11,15,174
2,11,16,62
2,11,17,5
2,12,12,15597
2,12,13,7009
2,12,14,2872
2,12,15,781
2,12,16,292
2,12,17,34
2,12,18,7
2,12,19,3
2,13,13,7992
2,13,14,5904
2,13,15,2544
2,13,16,1133
2,13,17,149
2,13,18,35
2,13,19,10
2,14,14,5808
2,14,15,5370
2,14,16,3182
2,14,17,672
2,14,18,171
2,14,19,32
2,14,20,12
2,14,21,1
2,14,22,1
2,15,15,4949
2,15,16,5844
2,15,17,1949
2,15,18,649
2,15,19,144
2,15,20,37
2,15,21,9
2,15,22,4
2,15,24,1
2,16,16,4694
2,16,17,3237
2,16,18,1587
2,16,19,450
2,16,20,138
2,16,21,39
2,16,22,11
2,16,23,3
2,17,17,2338
2,17,18,2349
2,17,19,1059
2,17,20,483
2,17,21,178
2,17,22,34
2,17,23,7
2,17,24,1
2,18,18,1530
2,18,19,1685
2,18,20,992
2,18,21,481
2,18,22,122
2,18,23,30
2,18,24,9
2,18,26,2
2,19,19,987
2,19,20,1230
2,19,21,1048
2,19,22,379
2,19,23,95
2,19,24,36
2,19,25,12
2,19,26,1
2,19,27,1
2,20,20,678
2,20,21,1214
2,20,22,653
2,20,23,345
2,20,24,101
2,20,25,33
2,20,26,7
2,20,28,1
2,21,21,600
2,21,22,720
2,21,23,577
2,21,24,234
2,21,25,73
2,21,26,41
2,21,27,2
2,22,22,354
2,22,23,580
2,22,24,419
2,22,25,204
2,22,26,109
2,22,27,18
2,22,28,6
2,22,29,5
2,22,30,2
2,23,23,254
2,23,24,392
2,23,25,316
2,23,26,223
2,23,27,66
2,23,28,22
2,23,29,11
2,23,30,3
2,23,31,2
2,24,24,133
2,24,25,303
2,24,26,364
2,24,27,101
2,24,28,80
2,24,29,40
2,24,30,5
2,24,31,2
2,25,33,3
2,25,25,94
2,25,26,308
2,25,27,137
2,25,28,166
2,25,29,101
2,25,30,35
2,25,31,5
2,26,33,2
2,26,34,1
2,26,26,121
2,26,27,112
2,26,28,244
2,26,29,185
2,26,30,73
2,26,31,16
2,27,32,9
2,27,33,8
2,27,27,28
2,27,28,195
2,27,29,261
2,27,30,156
2,27,31,39
2,28,32,14
2,28,33,23
2,28,34,3
2,28,35,1
2,28,36,1
2,28,28,66
2,28,29,145
2,28,30,152
2,28,31,68
2,29,32,28
2,29,33,39
2,29,34,14
2,29,35,2
2,29,36,4
2,29,39,1
2,29,29,32
2,29,30,111
2,29,31,75
2,30,32,21
2,30,33,59
2,30,34,36
2,30,35,2
2,30,36,7
2,30,38,3
2,30,30,24
2,30,31,57
2,31,32,13
2,31,33,49
2,31,34,49
2,31,35,5
2,31,36,12
2,31,39,1
2,31,31,12
2,32,32,6
2,32,33,26
2,32,34,41
2,32,35,6
2,32,36,35
2,32,37,4
2,32,38,4
2,32,39,2
2,33,33,1
2,33,34,25
2,33,35,3
2,33,36,46
2,33,37,8
2,33,38,10
2,33,39,10
2,34,34,2
2,34,35,2
2,34,36,33
2,34,37,9
2,34,38,20
2,34,39,15
2,35,36,14
2,35,37,10
2,35,38,24
2,35,39,30
2,36,36,1
2,36,37,5
2,36,38,23
2,36,39,28
2,37,38,7
2,37,39,12
2,38,39,6
3,1,1,45
3,1,2,1249
3,1,3,2364
3,1,4,654
3,1,5,99
3,1,6,27
3,1,7,12
3,1,8,1
3,2,2,13802
3,2,3,29377
3,2,4,5974
3,2,5,588
3,2,6,61
3,2,7,15
3,2,8,3
3,2,9,1
3,3,3,155837
3,3,4,35324
3,3,5,4322
3,3,6,557
3,3,7,102
3,3,8,19
3,3,9,4
3,4,4,134763
3,4,5,25502
3,4,6,4325
3,4,7,894
3,4,8,134
3,4,9,23
3,4,10,3
3,4,13,1
3,5,5,87830
3,5,6,24278
3,5,7,5639
3,5,8,875
3,5,9,113
3,5,10,23
3,5,11,6
3,5,12,1
3,6,6,71777
3,6,7,26583
3,6,8,5517
3,6,9,881
3,6,10,140
3,6,11,25
3,6,12,4
3,6,13,2
3,7,7,64216
3,7,8,23475
3,7,9,4556
3,7,10,1028
3,7,11,211
3,7,12,38
3,7,13,3
3,8,8,48186
3,8,9,16474
3,8,10,5123
3,8,11,1133
3,8,12,143
3,8,13,25
3,8,14,14
3,8,15,3
3,9,9,29951
3,9,10,16780
3,9,11,5324
3,9,12,891
3,9,13,127
3,9,14,43
3,9,15,7
3,10,10,25731
3,10,11,15542
3,10,12,3845
3,10,13,728
3,10,14,243
3,10,15,44
3,10,16,3
3,10,17,1
3,11,11,21124
3,11,12,10243
3,11,13,2819
3,11,14,1096
3,11,15,237
3,11,16,25
3,11,17,7
3,11,18,2
3,11,19,1
3,12,12,12330
3,12,13,7079
3,12,14,3653
3,12,15,1024
3,12,16,155
3,12,17,36
3,12,18,7
3,12,19,4
3,13,13,7937
3,13,14,7985
3,13,15,3257
3,13,16,591
3,13,17,152
3,13,18,44
3,13,19,5
3,13,20,1
3,14,14,7267
3,14,15,6786
3,14,16,1918
3,14,17,617
3,14,18,236
3,14,19,35
3,14,20,5
3,14,21,3
3,15,15,5847
3,15,16,3973
3,15,17,1693
3,15,18,801
3,15,19,128
3,15,20,37
3,15,21,4
3,15,22,1
3,16,16,3346
3,16,17,2850
3,16,18,2134
3,16,19,547
3,16,20,170
3,16,21,31
3,16,22,8
3,16,23,3
3,17,17,2147
3,17,18,3331
3,17,19,1296
3,17,20,486
3,17,21,141
3,17,22,43
3,17,23,13
3,17,24,2
3,18,18,2223
3,18,19,1926
3,18,20,959
3,18,21,412
3,18,22,136
3,18,23,65
3,18,24,10
3,19,19,1209
3,19,20,1306
3,19,21,895
3,19,22,389
3,19,23,175
3,19,24,39
3,19,25,10
3,19,26,3
3,20,20,606
3,20,21,977
3,20,22,833
3,20,23,508
3,20,24,115
3,20,25,26
3,20,26,3
3,20,27,3
3,20,29,1
3,21,21,540
3,21,22,950
3,21,23,883
3,21,24,277
3,21,25,103
3,21,26,26
3,21,27,9
3,21,28,2
3,22,22,415
3,22,23,936
3,22,24,479
3,22,25,259
3,22,26,46
3,22,27,38
3,22,28,11
3,23,32,1
3,23,23,343
3,23,24,470
3,23,25,407
3,23,26,133
3,23,27,75
3,23,28,21
3,23,29,7
3,23,30,1
3,24,24,204
3,24,25,351
3,24,26,189
3,24,27,161
3,24,28,79
3,24,29,13
3,24,30,11
3,25,32,1
3,25,34,1
3,25,25,119
3,25,26,143
3,25,27,208
3,25,28,149
3,25,29,41
3,25,30,25
3,25,31,5
3,26,32,5
3,26,33,1
3,26,34,1
3,26,26,52
3,26,27,166
3,26,28,194
3,26,29,103
3,26,30,63
3,26,31,8
3,27,32,16
3,27,33,3
3,27,34,1
3,27,27,43
3,27,28,146
3,27,29,113
3,27,30,147
3,27,31,33
3,28,32,39
3,28,33,8
3,28,34,6
3,28,35,1
3,28,40,1
3,28,28,28
3,28,29,92
3,28,30,161
3,28,31,32
3,29,32,93
3,29,33,22
3,29,34,9
3,29,37,1
3,29,29,36
3,29,30,121
3,29,31,44
3,30,32,86
3,30,33,25
3,30,34,26
3,30,35,5
3,30,36,2
3,30,37,3
3,30,30,32
3,30,31,24
3,31,32,47
3,31,33,33
3,31,34,31
3,31,35,4
3,31,36,2
3,31,37,4
3,31,38,1
3,31,31,7
3,32,32,12
3,32,33,12
3,32,34,26
3,32,35,14
3,32,36,9
3,32,37,13
3,32,38,1
3,32,39,1
3,33,33,1
3,33,34,17
3,33,35,10
3,33,36,16
3,33,37,19
3,33,38,5
3,33,39,4
3,33,40,3
3,34,34,2
3,34,35,8
3,34,36,11
3,34,37,6
3,34,38,6
3,34,39,11
3,34,40,7
3,35,35,3
3,35,36,5
3,35,37,5
3,35,38,5
3,35,39,8
3,35,40,6
3,36,40,13
3,36,37,4
3,36,38,3
3,36,39,11
3,37,40,15
3,37,39,6
3,38,40,5
3,38,39,4
3,39,40,4
3,40,40,1
4,1,1,36
4,1,2,1090
4,1,3,2160
4,1,4,533
4,1,5,114
4,1,6,26
4,1,7,7
4,2,2,11790
4,2,3,28768
4,2,4,4889
4,2,5,501
4,2,6,74
4,2,7,13
4,2,8,2
4,2,9,2
4,2,10,1
4,3,3,157877
4,3,4,31151
4,3,5,4332
4,3,6,751
4,3,7,129
4,3,8,25
4,3,9,6
4,3,10,2
4,4,4,120507
4,4,5,25813
4,4,6,6098
4,4,7,918
4,4,8,121
4,4,9,15
4,4,10,6
4,4,11,1
4,5,5,87581
4,5,6,31185
4,5,7,6000
4,5,8,848
4,5,9,156
4,5,10,35
4,5,11,6
4,6,6,88622
4,6,7,28473
4,6,8,5484
4,6,9,1018
4,6,10,182
4,6,11,32
4,6,12,4
4,7,7,68200
4,7,8,21924
4,7,9,5461
4,7,10,1073
4,7,11,181
4,7,12,25
4,7,13,6
4,8,8,43227
4,8,9,19273
4,8,10,4951
4,8,11,1135
4,8,12,166
4,8,13,33
4,8,14,5
4,8,16,1
4,9,9,32722
4,9,10,15597
4,9,11,5178
4,9,12,928
4,9,13,177
4,9,14,26
4,9,15,8
4,9,16,1
4,10,10,23604
4,10,11,15135
4,10,12,3766
4,10,13,1012
4,10,14,178
4,10,15,29
4,10,16,11
4,10,17,2
4,11,11,20818
4,11,12,10192
4,11,13,3813
4,11,14,747
4,11,15,212
4,11,16,36
4,11,17,6
4,11,18,1
4,12,12,12414
4,12,13,9046
4,12,14,2743
4,12,15,817
4,12,16,198
4,12,17,41
4,12,18,6
4,12,19,1
4,13,13,9784
4,13,14,6141
4,13,15,2528
4,13,16,805
4,13,17,224
4,13,18,38
4,13,19,5
4,13,20,2
4,13,21,1
4,14,14,5913
4,14,15,5163
4,14,16,2440
4,14,17,778
4,14,18,196
4,14,19,39
4,14,20,6
4,14,21,4
4,15,15,4609
4,15,16,4540
4,15,17,2192
4,15,18,646
4,15,19,189
4,15,20,48
4,15,21,7
4,15,22,1
4,15,23,1
4,16,16,3596
4,16,17,3580
4,16,18,1581
4,16,19,646
4,16,20,195
4,16,21,39
4,16,22,11
4,16,23,2
4,16,25,1
4,17,17,2630
4,17,18,2465
4,17,19,1542
4,17,20,599
4,17,21,120
4,17,22,40
4,17,23,9
4,17,24,4
4,17,25,1
4,18,18,1508
4,18,19,2402
4,18,20,1381
4,18,21,353
4,18,22,135
4,18,23,34
4,18,24,5
4,18,25,5
4,19,19,1504
4,19,20,1750
4,19,21,759
4,19,22,353
4,19,23,122
4,19,24,20
4,19,25,7
4,19,26,2
4,20,20,870
4,20,21,886
4,20,22,645
4,20,23,367
4,20,24,86
4,20,25,38
4,20,26,5
4,20,28,1
4,21,21,459
4,21,22,676
4,21,23,614
4,21,24,220
4,21,25,95
4,21,26,19
4,21,27,3
4,21,28,3
4,22,22,284
4,22,23,655
4,22,24,391
4,22,25,253
4,22,26,66
4,22,27,23
4,22,28,6
4,22,29,1
4,22,31,1
4,23,23,276
4,23,24,396
4,23,25,352
4,23,26,152
4,23,27,55
4,23,28,45
4,23,29,4
4,23,30,3
4,24,24,153
4,24,25,364
4,24,26,190
4,24,27,109
4,24,28,82
4,24,29,5
4,24,30,10
4,24,31,3
4,25,32,1
4,25,33,1
4,25,25,109
4,25,26,199
4,25,27,147
4,25,28,169
4,25,29,26
4,25,30,40
4,25,31,8
4,26,32,3
4,26,33,3
4,26,26,70
4,26,27,158
4,26,28,212
4,26,29,54
4,26,30,71
4,26,31,29
4,27,32,10
4,27,33,8
4,27,34,1
4,27,27,66
4,27,28,148
4,27,29,96
4,27,30,121
4,27,31,63
4,28,32,18
4,28,33,15
4,28,34,2
4,28,35,2
4,28,28,37
4,28,29,51
4,28,30,161
4,28,31,101
4,29,32,47
4,29,33,27
4,29,34,8
4,29,35,1
4,29,29,16
4,29,30,100
4,29,31,89
4,30,32,55
4,30,33,44
4,30,34,28
4,30,35,7
4,30,37,1
4,30,38,1
4,30,30,22
4,30,31,68
4,31,32,29
4,31,33,47
4,31,34,43
4,31,35,13
4,31,36,12
4,31,40,2
4,31,31,16
4,32,32,8
4,32,33,22
4,32,34,46
4,32,35,32
4,32,36,13
4,32,37,2
4,32,38,2
4,32,39,3
4,32,40,2
4,33,33,4
4,33,34,22
4,33,35,29
4,33,36,24
4,33,37,2
4,33,38,11
4,33,39,4
4,33,40,2
4,34,34,3
4,34,35,16
4,34,36,21
4,34,37,5
4,34,38,15
4,34,39,6
4,34,40,2
4,35,35,5
4,35,36,7
4,35,37,5
4,35,38,18
4,35,39,12
4,35,40,8
4,36,40,12
4,36,36,1
4,36,38,14
4,36,39,18
4,37,40,9
4,37,38,5
4,37,39,7
4,38,40,6
4,38,39,4
4,39,40,2
4,39,39,1
5,1,1,45
5,1,2,1174
5,1,3,2266
5,1,4,564
5,1,5,77
5,1,6,29
5,1,7,9
5,1,8,1
5,2,2,12854
5,2,3,29202
5,2,4,5183
5,2,5,501
5,2,6,81
5,2,7,24
5,2,8,4
5,3,3,162285
5,3,4,33212
5,3,5,4042
5,3,6,608
5,3,7,136
5,3,8,16
5,3,9,1
5,4,4,131861
5,4,5,25334
5,4,6,4990
5,4,7,991
5,4,8,134
5,4,9,19
5,4,10,3
5,5,5,90341
5,5,6,27952
5,5,7,6494
5,5,8,856
5,5,9,125
5,5,10,19
5,5,11,13
5,6,6,82261
5,6,7,29271
5,6,8,5272
5,6,9,845
5,6,10,138
5,6,11,38
5,6,12,2
5,6,13,2
5,7,7,67271
5,7,8,21630
5,7,9,4287
5,7,10,809
5,7,11,191
5,7,12,31
5,7,13,3
5,7,15,1
5,8,8,41838
5,8,9,15794
5,8,10,4225
5,8,11,1030
5,8,12,200
5,8,13,32
5,8,14,6
5,8,15,1
5,8,16,1
5,9,9,28070
5,9,10,14352
5,9,11,4610
5,9,12,1075
5,9,13,164
5,9,14,31
5,9,15,4
5,9,16,2
5,10,10,23232
5,10,11,13235
5,10,12,4732
5,10,13,849
5,10,14,181
5,10,15,25
5,10,16,4
5,10,17,6
5,10,18,1
5,11,11,18284
5,11,12,12481
5,11,13,2957
5,11,14,817
5,11,15,117
5,11,16,55
5,11,17,16
5,11,19,1
5,11,20,1
5,12,12,15149
5,12,13,7333
5,12,14,2660
5,12,15,526
5,12,16,261
5,12,17,51
5,12,18,4
5,13,13,8163
5,13,14,5850
5,13,15,1612
5,13,16,968
5,13,17,245
5,13,18,33
5,13,19,12
5,13,20,4
5,14,14,5506
5,14,15,3527
5,14,16,3165
5,14,17,945
5,14,18,163
5,14,19,43
5,14,20,12
5,15,15,3232
5,15,16,5584
5,15,17,2547
5,15,18,576
5,15,19,174
5,15,20,48
5,15,21,4
5,15,22,3
5,16,16,4495
5,16,17,4550
5,16,18,1408
5,16,19,581
5,16,20,179
5,16,21,21
5,16,22,8
5,16,23,1
5,17,17,3268
5,17,18,2337
5,17,19,1399
5,17,20,508
5,17,21,99
5,17,22,34
5,17,23,14
5,17,24,3
5,17,25,1
5,18,18,1583
5,18,19,1976
5,18,20,1186
5,18,21,290
5,18,22,129
5,18,23,42
5,18,24,10
5,18,25,1
5,18,27,1
5,19,19,1170
5,19,20,1638
5,19,21,632
5,19,22,312
5,19,23,168
5,19,24,43
5,19,25,11
5,19,27,1
5,20,20,889
5,20,21,898
5,20,22,584
5,20,23,468
5,20,24,141
5,20,25,40
5,20,26,17
5,20,27,1
5,21,21,471
5,21,22,745
5,21,23,824
5,21,24,372
5,21,25,95
5,21,26,51
5,21,27,3
5,21,28,2
5,21,29,1
5,22,22,396
5,22,23,945
5,22,24,659
5,22,25,245
5,22,26,165
5,22,27,21
5,22,28,17
5,22,29,4
5,23,32,1
5,23,23,388
5,23,24,649
5,23,25,474
5,23,26,359
5,23,27,56
5,23,28,49
5,23,29,10
5,23,30,1
5,24,24,268
5,24,25,440
5,24,26,495
5,24,27,135
5,24,28,110
5,24,29,34
5,24,30,7
5,24,31,1
5,25,33,1
5,25,25,178
5,25,26,419
5,25,27,172
5,25,28,276
5,25,29,94
5,25,30,32
5,25,31,7
5,26,32,8
5,26,33,6
5,26,26,147
5,26,27,160
5,26,28,322
5,26,29,138
5,26,30,54
5,26,31,24
5,27,32,14
5,27,33,7
5,27,34,2
5,27,35,1
5,27,36,1
5,27,27,45
5,27,28,235
5,27,29,205
5,27,30,76
5,27,31,57
5,28,32,22
5,28,33,23
5,28,34,3
5,28,35,4
5,28,36,1
5,28,28,70
5,28,29,139
5,28,30,87
5,28,31,86
5,29,32,60
5,29,33,46
5,29,34,14
5,29,35,2
5,29,36,3
5,29,37,1
5,29,29,41
5,29,30,55
5,29,31,98
5,30,32,39
5,30,33,69
5,30,34,31
5,30,35,14
5,30,36,6
5,30,30,13
5,30,31,46
5,31,32,25
5,31,33,79
5,31,34,54
5,31,35,19
5,31,36,11
5,31,31,6
5,32,32,2
5,32,33,40
5,32,34,47
5,32,35,36
5,32,36,26
5,32,37,3
5,33,33,5
5,33,34,32
5,33,35,38
5,33,36,31
5,33,37,3
5,33,38,1
5,33,40,1
5,34,34,7
5,34,35,18
5,34,36,30
5,34,37,11
5,34,38,2
5,34,39,1
5,35,35,4
5,35,36,26
5,35,37,8
5,35,38,1
5,35,39,1
5,35,40,2
5,36,40,4
5,36,36,1
5,36,37,1
5,36,38,1
5,36,39,1
5,37,40,1
5,37,37,1
5,37,38,1
5,40,40,2
6,1,1,36
6,1,2,1169
6,1,3,2056
6,1,4,625
6,1,5,92
6,1,6,31
6,1,7,9
6,2,2,12361
6,2,3,26146
6,2,4,5819
6,2,5,551
6,2,6,62
6,2,7,21
6,2,8,6
6,3,3,142618
6,3,4,36347
6,3,5,4071
6,3,6,644
6,3,7,113
6,3,8,32
6,3,9,4
6,4,4,139919
6,4,5,24035
6,4,6,4977
6,4,7,917
6,4,8,158
6,4,9,24
6,4,10,5
6,4,11,1
6,4,12,1
6,5,5,82879
6,5,6,27244
6,5,7,6196
6,5,8,1087
6,5,9,136
6,5,10,15
6,5,11,3
6,5,12,4
6,6,6,77257
6,6,7,27349
6,6,8,6506
6,6,9,1068
6,6,10,123
6,6,11,31
6,6,12,5
6,6,13,1
6,7,7,63298
6,7,8,26881
6,7,9,5510
6,7,10,908
6,7,11,241
6,7,12,37
6,7,13,10
6,7,14,1
6,8,8,53320
6,8,9,19252
6,8,10,4911
6,8,11,1203
6,8,12,175
6,8,13,42
6,8,14,7
6,9,9,32317
6,9,10,16243
6,9,11,5287
6,9,12,927
6,9,13,202
6,9,14,39
6,9,15,6
6,9,16,1
6,10,10,25381
6,10,11,14886
6,10,12,3750
6,10,13,1035
6,10,14,213
6,10,15,35
6,10,16,3
6,10,17,2
6,11,11,20253
6,11,12,9685
6,11,13,3912
6,11,14,1025
6,11,15,214
6,11,16,31
6,11,17,4
6,11,18,2
6,11,20,1
6,12,12,11751
6,12,13,9733
6,12,14,3554
6,12,15,869
6,12,16,135
6,12,17,46
6,12,18,4
6,12,20,1
6,13,13,10490
6,13,14,7679
6,13,15,2918
6,13,16,601
6,13,17,233
6,13,18,32
6,13,19,3
6,13,20,1
6,13,21,1
6,14,14,7183
6,14,15,5801
6,14,16,1871
6,14,17,855
6,14,18,127
6,14,19,28
6,14,20,14
6,14,21,2
6,15,15,5382
6,15,16,3291
6,15,17,2282
6,15,18,461
6,15,19,151
6,15,20,75
6,15,21,10
6,16,16,2582
6,16,17,3789
6,16,18,1065
6,16,19,472
6,16,20,224
6,16,21,31
6,16,22,10
6,16,23,1
6,17,17,2659
6,17,18,1692
6,17,19,1170
6,17,20,702
6,17,21,139
6,17,22,42
6,17,23,5
6,17,24,2
6,18,18,1177
6,18,19,1528
6,18,20,1463
6,18,21,459
6,18,22,162
6,18,23,34
6,18,24,7
6,18,25,2
6,19,19,926
6,19,20,1809
6,19,21,981
6,19,22,457
6,19,23,106
6,19,24,36
6,19,25,8
6,19,26,1
6,20,20,963
6,20,21,1282
6,20,22,857
6,20,23,291
6,20,24,91
6,20,25,27
6,20,26,8
6,20,27,1
6,20,28,2
6,21,21,665
6,21,22,946
6,21,23,599
6,21,24,327
6,21,25,82
6,21,26,29
6,21,27,7
6,22,22,452
6,22,23,593
6,22,24,520
6,22,25,190
6,22,26,106
6,22,27,27
6,22,28,6
6,22,29,1
6,23,23,262
6,23,24,506
6,23,25,323
6,23,26,245
6,23,27,67
6,23,28,19
6,23,29,10
6,23,30,3
6,24,24,222
6,24,25,294
6,24,26,337
6,24,27,130
6,24,28,59
6,24,29,20
6,24,30,13
6,25,33,1
6,25,25,155
6,25,26,331
6,25,27,207
6,25,28,143
6,25,29,62
6,25,30,18
6,25,31,3
6,26,32,3
6,26,33,5
6,26,34,1
6,26,26,119
6,26,27,148
6,26,28,193
6,26,29,134
6,26,30,49
6,26,31,13
6,27,32,14
6,27,33,4
6,27,27,43
6,27,28,130
6,27,29,178
6,27,30,107
6,27,31,48
6,28,32,35
6,28,33,11
6,28,34,11
6,28,35,2
6,28,36,1
6,28,28,43
6,28,29,149
6,28,30,126
6,28,31,76
6,29,32,66
6,29,33,18
6,29,34,22
6,29,35,3
6,29,36,1
6,29,29,41
6,29,30,74
6,29,31,57
6,30,32,76
6,30,33,23
6,30,34,50
6,30,35,17
6,30,36,4
6,30,37,1
6,30,38,1
6,30,30,16
6,30,31,46
6,31,32,51
6,31,33,27
6,31,34,72
6,31,35,32
6,31,36,13
6,31,38,2
6,31,39,1
6,31,31,10
6,32,32,8
6,32,33,13
6,32,34,66
6,32,35,33
6,32,36,19
6,32,37,9
6,32,38,4
6,32,39,2
6,33,33,3
6,33,34,25
6,33,35,39
6,33,36,28
6,33,37,7
6,33,38,5
6,33,39,1
6,34,34,6
6,34,35,26
6,34,36,17
6,34,37,14
6,34,38,12
6,34,39,4
6,35,35,1
6,35,36,8
6,35,37,4
6,35,38,17
6,35,39,14
6,35,40,5
6,36,40,5
6,36,37,1
6,36,38,11
6,36,39,22
6,37,40,5
6,37,38,3
6,37,39,6
6,38,39,5
7,1,1,45
7,1,2,1208
7,1,3,2155
7,1,4,633
7,1,5,89
7,1,6,15
7,1,7,9
7,1,8,3
7,2,2,12820
7,2,3,27991
7,2,4,5625
7,2,5,591
7,2,6,61
7,2,7,21
7,2,8,3
7,2,9,2
7,3,3,151960
7,3,4,35153
7,3,5,4342
7,3,6,663
7,3,7,110
7,3,8,30
7,3,9,4
7,4,4,140092
7,4,5,23828
7,4,6,4864
7,4,7,884
7,4,8,133
7,4,9,25
7,4,10,7
7,5,5,79030
7,5,6,25615
7,5,7,5966
7,5,8,929
7,5,9,124
7,5,10,30
7,5,11,2
7,6,6,70708
7,6,7,27858
7,6,8,5567
7,6,9,859
7,6,10,186
7,6,11,25
7,6,12,4
7,6,14,1
7,7,7,65280
7,7,8,22900
7,7,9,4273
7,7,10,1047
7,7,11,167
7,7,12,33
7,7,13,5
7,7,14,1
7,8,8,49041
7,8,9,15620
7,8,10,5198
7,8,11,974
7,8,12,162
7,8,13,21
7,8,14,5
7,8,15,2
7,8,17,1
7,9,9,27298
7,9,10,16000
7,9,11,5004
7,9,12,995
7,9,13,151
7,9,14,24
7,9,15,9
7,9,17,1
7,10,10,24810
7,10,11,14692
7,10,12,4310
7,10,13,791
7,10,14,174
7,10,15,49
7,10,16,8
7,10,17,1
7,11,11,20464
7,11,12,11171
7,11,13,2981
7,11,14,855
7,11,15,212
7,11,16,35
7,11,17,6
7,11,18,1
7,12,12,14201
7,12,13,6942
7,12,14,3163
7,12,15,917
7,12,16,217
7,12,17,44
7,12,18,7
7,12,19,3
7,13,13,7445
7,13,14,7007
7,13,15,2850
7,13,16,724
7,13,17,200
7,13,18,35
7,13,19,14
7,13,20,2
7,14,14,6725
7,14,15,5671
7,14,16,2193
7,14,17,743
7,14,18,180
7,14,19,50
7,14,20,13
7,14,21,3
7,14,22,1
7,15,15,4655
7,15,16,3851
7,15,17,1990
7,15,18,537
7,15,19,268
7,15,20,52
7,15,21,14
7,15,22,1
7,15,23,1
7,16,16,2842
7,16,17,3379
7,16,18,1338
7,16,19,910
7,16,20,253
7,16,21,41
7,16,22,9
7,16,23,2
7,17,17,2413
7,17,18,2069
7,17,19,2026
7,17,20,708
7,17,21,187
7,17,22,35
7,17,23,12
7,17,24,1
7,17,25,1
7,18,18,1293
7,18,19,2922
7,18,20,1586
7,18,21,561
7,18,22,186
7,18,23,28
7,18,24,7
7,18,25,1
7,19,19,1808
7,19,20,2107
7,19,21,1215
7,19,22,498
7,19,23,144
7,19,24,25
7,19,25,6
7,19,27,1
7,19,28,1
7,20,20,1165
7,20,21,1536
7,20,22,930
7,20,23,325
7,20,24,85
7,20,25,25
7,20,26,7
7,20,27,2
7,21,21,814
7,21,22,1034
7,21,23,640
7,21,24,205
7,21,25,74
7,21,26,19
7,21,27,13
7,21,28,4
7,21,29,2
7,21,31,1
7,22,22,466
7,22,23,662
7,22,24,330
7,22,25,172
7,22,26,78
7,22,27,23
7,22,28,14
7,22,29,4
7,22,30,1
7,23,33,1
7,23,23,266
7,23,24,310
7,23,25,260
7,23,26,146
7,23,27,85
7,23,28,43
7,23,29,9
7,23,30,3
7,24,24,118
7,24,25,234
7,24,26,219
7,24,27,190
7,24,28,76
7,24,29,41
7,24,30,13
7,25,32,4
7,25,25,88
7,25,26,211
7,25,27,251
7,25,28,137
7,25,29,109
7,25,30,20
7,25,31,4
7,26,32,13
7,26,33,5
7,26,26,61
7,26,27,194
7,26,28,189
7,26,29,184
7,26,30,69
7,26,31,17
7,27,32,26
7,27,33,14
7,27,34,4
7,27,35,1
7,27,27,61
7,27,28,137
7,27,29,234
7,27,30,109
7,27,31,27
7,28,32,72
7,28,33,27
7,28,34,10
7,28,35,1
7,28,28,29
7,28,29,163
7,28,30,147
7,28,31,64
7,29,32,117
7,29,33,71
7,29,34,13
7,29,35,9
7,29,36,1
7,29,29,34
7,29,30,81
7,29,31,55
7,30,32,109
7,30,33,122
7,30,34,40
7,30,35,23
7,30,36,2
7,30,37,1
7,30,30,22
7,30,31,34
7,31,32,77
7,31,33,107
7,31,34,66
7,31,35,34
7,31,36,7
7,31,37,1
7,31,40,1
7,31,31,8
7,32,32,17
7,32,33,46
7,32,34,49
7,32,35,41
7,32,36,15
7,32,37,2
7,32,38,1
7,33,33,13
7,33,34,16
7,33,35,46
7,33,36,16
7,33,37,10
7,33,38,6
7,33,40,1
7,34,34,12
7,34,35,12
7,34,36,20
7,34,37,10
7,34,38,11
7,34,39,2
7,34,40,2
7,35,35,4
7,35,36,4
7,35,37,13
7,35,38,6
7,35,39,2
7,35,40,10
7,36,40,6
7,36,36,1
7,36,37,7
7,36,38,15
7,36,39,2
7,37,40,6
7,37,37,1
7,37,38,4
7,37,39,7
7,38,40,7
7,38,38,2
7,38,39,2
7,39,40,3
8,1,1,55
8,1,2,1123
8,1,3,2058
8,1,4,644
8,1,5,95
8,1,6,27
8,1,7,3
8,2,2,10967
8,2,3,26355
8,2,4,5936
8,2,5,510
8,2,6,39
8,2,7,12
8,2,8,3
8,3,3,142407
8,3,4,36940
8,3,5,3861
8,3,6,562
8,3,7,98
8,3,8,19
8,3,9,2
8,4,4,144671
8,4,5,23692
8,4,6,4681
8,4,7,878
8,4,8,132
8,4,9,29
8,4,10,3
8,5,5,77412
8,5,6,24571
8,5,7,6005
8,5,8,893
8,5,9,160
8,5,10,11
8,5,11,3
8,5,12,2
8,6,6,75690
8,6,7,27948
8,6,8,4983
8,6,9,1108
8,6,10,157
8,6,11,26
8,6,12,8
8,6,13,2
8,7,7,65184
8,7,8,20039
8,7,9,5874
8,7,10,1022
8,7,11,146
8,7,12,38
8,7,13,6
8,7,14,1
8,7,15,1
8,8,8,41827
8,8,9,22154
8,8,10,5182
8,8,11,877
8,8,12,227
8,8,13,27
8,8,14,5
8,8,15,1
8,9,9,39679
8,9,10,16500
8,9,11,4069
8,9,12,1036
8,9,13,194
8,9,14,26
8,9,15,6
8,9,17,1
8,10,10,25953
8,10,11,11744
8,10,12,4318
8,10,13,979
8,10,14,188
8,10,15,38
8,10,16,7
8,10,17,1
8,11,11,15520
8,11,12,11347
8,11,13,3726
8,11,14,912
8,11,15,223
8,11,16,41
8,11,17,9
8,12,12,13405
8,12,13,9235
8,12,14,3134
8,12,15,980
8,12,16,166
8,12,17,52
8,12,18,8
8,12,20,2
8,13,13,10362
8,13,14,7200
8,13,15,3378
8,13,16,710
8,13,17,211
8,13,18,33
8,13,19,4
8,13,20,3
8,13,22,1
8,14,14,7062
8,14,15,6515
8,14,16,2077
8,14,17,790
8,14,18,191
8,14,19,33
8,14,20,13
8,14,21,1
8,15,15,5694
8,15,16,3813
8,15,17,2242
8,15,18,664
8,15,19,123
8,15,20,57
8,15,21,5
8,15,22,4
8,16,16,3056
8,16,17,3657
8,16,18,1833
8,16,19,498
8,16,20,174
8,16,21,34
8,16,22,9
8,16,23,3
8,16,24,1
8,17,17,2628
8,17,18,2906
8,17,19,1146
8,17,20,543
8,17,21,127
8,17,22,50
8,17,23,15
8,17,24,2
8,18,18,1991
8,18,19,1705
8,18,20,1144
8,18,21,363
8,18,22,143
8,18,23,25
8,18,24,2
8,18,25,1
8,19,19,1051
8,19,20,1426
8,19,21,742
8,19,22,424
8,19,23,103
8,19,24,30
8,19,25,3
8,19,26,6
8,20,20,733
8,20,21,904
8,20,22,858
8,20,23,319
8,20,24,103
8,20,25,24
8,20,26,3
8,21,21,452
8,21,22,921
8,21,23,620
8,21,24,279
8,21,25,77
8,21,26,47
8,21,27,3
8,21,28,3
8,21,29,1
8,21,30,1
8,22,22,440
8,22,23,669
8,22,24,442
8,22,25,205
8,22,26,133
8,22,27,34
8,22,28,13
8,22,29,3
8,22,30,1
8,23,23,326
8,23,24,472
8,23,25,330
8,23,26,267
8,23,27,88
8,23,28,40
8,23,29,12
8,23,30,2
8,24,32,1
8,24,24,209
8,24,25,276
8,24,26,519
8,24,27,152
8,24,28,68
8,24,29,37
8,24,30,2
8,24,31,2
8,25,32,3
8,25,25,119
8,25,26,376
8,25,27,220
8,25,28,166
8,25,29,117
8,25,30,9
8,25,31,1
8,26,32,2
8,26,33,2
8,26,26,134
8,26,27,157
8,26,28,214
8,26,29,219
8,26,30,47
8,26,31,22
8,27,32,16
8,27,33,6
8,27,35,2
8,27,27,49
8,27,28,185
8,27,29,227
8,27,30,64
8,27,31,37
8,28,32,35
8,28,33,8
8,28,34,2
8,28,36,2
8,28,28,52
8,28,29,155
8,28,30,75
8,28,31,71
8,29,32,42
8,29,33,23
8,29,34,11
8,29,35,9
8,29,36,4
8,29,39,1
8,29,29,49
8,29,30,43
8,29,31,73
8,30,32,48
8,30,33,26
8,30,34,18
8,30,35,16
8,30,36,8
8,30,37,2
8,30,30,9
8,30,31,38
8,31,32,23
8,31,33,33
8,31,34,21
8,31,35,35
8,31,36,9
8,31,37,3
8,31,38,2
8,31,39,1
8,31,31,9
8,32,32,1
8,32,33,16
8,32,34,28
8,32,35,70
8,32,36,19
8,32,37,11
8,32,38,2
8,32,39,2
8,32,40,1
8,33,33,6
8,33,34,9
8,33,35,35
8,33,36,32
8,33,37,18
8,33,38,7
8,33,39,9
8,33,40,1
8,34,34,2
8,34,35,21
8,34,36,22
8,34,37,24
8,34,38,6
8,34,39,7
8,34,40,4
8,35,35,2
8,35,36,8
8,35,37,17
8,35,38,25
8,35,39,12
8,35,40,19
8,36,40,16
8,36,36,1
8,36,37,2
8,36,38,15
8,36,39,4
8,37,40,14
8,37,37,1
8,37,38,8
8,37,39,9
8,38,40,8
8,38,38,1
8,39,40,3
9,1,1,55
9,1,2,1226
9,1,3,2133
9,1,4,598
9,1,5,80
9,1,6,34
9,1,7,5
9,1,8,2
9,2,2,12802
9,2,3,27516
9,2,4,5456
9,2,5,470
9,2,6,74
9,2,7,12
9,2,8,5
9,2,9,2
9,3,3,152457
9,3,4,34385
9,3,5,3853
9,3,6,606
9,3,7,90
9,3,8,32
9,3,9,5
9,3,10,2
9,3,11,1
9,4,4,135682
9,4,5,24351
9,4,6,4896
9,4,7,917
9,4,8,126
9,4,9,25
9,4,10,2
9,5,5,86206
9,5,6,28003
9,5,7,5959
9,5,8,934
9,5,9,128
9,5,10,24
9,5,11,4
9,5,12,1
9,6,6,79913
9,6,7,27480
9,6,8,5926
9,6,9,958
9,6,10,157
9,6,11,36
9,6,12,3
9,6,13,1
9,6,14,1
9,7,7,62557
9,7,8,25104
9,7,9,5110
9,7,10,976
9,7,11,130
9,7,12,19
9,7,13,7
9,7,14,1
9,7,15,1
9,8,8,51307
9,8,9,18638
9,8,10,4553
9,8,11,771
9,8,12,169
9,8,13,45
9,8,14,3
9,8,15,1
9,8,16,1
9,9,9,32425
9,9,10,15217
9,9,11,3778
9,9,12,863
9,9,13,214
9,9,14,38
9,9,15,10
9,9,16,4
9,10,10,23620
9,10,11,11214
9,10,12,3527
9,10,13,1097
9,10,14,140
9,10,15,47
9,10,16,4
9,10,17,3
9,11,11,15441
9,11,12,9955
9,11,13,3862
9,11,14,901
9,11,15,185
9,11,16,29
9,11,17,9
9,12,12,12259
9,12,13,9029
9,12,14,3310
9,12,15,945
9,12,16,157
9,12,17,36
9,12,18,10
9,12,19,1
9,13,13,9398
9,13,14,7560
9,13,15,2974
9,13,16,709
9,13,17,196
9,13,18,41
9,13,19,15
9,13,20,1
9,13,21,1
9,14,14,7747
9,14,15,5905
9,14,16,1926
9,14,17,784
9,14,18,201
9,14,19,40
9,14,20,7
9,14,21,3
9,15,15,5332
9,15,16,3475
9,15,17,2007
9,15,18,764
9,15,19,153
9,15,20,31
9,15,21,7
9,16,16,2740
9,16,17,3416
9,16,18,2014
9,16,19,510
9,16,20,145
9,16,21,41
9,16,22,4
9,16,23,1
9,16,24,2
9,17,17,2594
9,17,18,3137
9,17,19,1225
9,17,20,443
9,17,21,152
9,17,22,20
9,17,23,8
9,17,24,3
9,17,25,1
9,17,26,1
9,18,18,2089
9,18,19,1695
9,18,20,1074
9,18,21,402
9,18,22,104
9,18,23,42
9,18,24,11
9,18,25,2
9,18,29,1
9,19,19,921
9,19,20,1619
9,19,21,840
9,19,22,287
9,19,23,123
9,19,24,43
9,19,25,2
9,19,26,2
9,20,20,958
9,20,21,963
9,20,22,599
9,20,23,349
9,20,24,122
9,20,25,23
9,20,26,17
9,20,27,4
9,20,28,1
9,21,21,441
9,21,22,715
9,21,23,585
9,21,24,315
9,21,25,86
9,21,26,40
9,21,27,7
9,21,28,2
9,22,22,351
9,22,23,617
9,22,24,528
9,22,25,205
9,22,26,94
9,22,27,26
9,22,28,7
9,22,29,3
9,22,30,1
9,23,23,291
9,23,24,478
9,23,25,303
9,23,26,237
9,23,27,76
9,23,28,19
9,23,29,11
9,23,30,3
9,23,31,2
9,24,32,1
9,24,24,209
9,24,25,231
9,24,26,349
9,24,27,149
9,24,28,93
9,24,29,22
9,24,30,5
9,24,31,6
9,25,25,93
9,25,26,294
9,25,27,233
9,25,28,155
9,25,29,70
9,25,30,30
9,25,31,18
9,26,32,4
9,26,34,1
9,26,26,94
9,26,27,163
9,26,28,224
9,26,29,123
9,26,30,50
9,26,31,46
9,27,32,14
9,27,33,4
9,27,34,3
9,27,27,45
9,27,28,156
9,27,29,156
9,27,30,96
9,27,31,105
9,28,32,50
9,28,33,11
9,28,34,6
9,28,36,1
9,28,28,46
9,28,29,93
9,28,30,91
9,28,31,225
9,29,32,75
9,29,33,23
9,29,34,13
9,29,35,4
9,29,36,1
9,29,37,3
9,29,29,17
9,29,30,64
9,29,31,195
9,30,32,89
9,30,33,51
9,30,34,28
9,30,35,5
9,30,36,6
9,30,37,3
9,30,30,11
9,30,31,121
9,31,32,52
9,31,33,64
9,31,34,34
9,31,35,27
9,31,36,17
9,31,37,7
9,31,38,2
9,31,31,23
9,32,32,15
9,32,33,27
9,32,34,42
9,32,35,32
9,32,36,24
9,32,37,25
9,32,38,5
9,33,33,10
9,33,34,19
9,33,35,34
9,33,36,36
9,33,37,35
9,33,38,9
9,33,39,1
9,34,34,7
9,34,35,14
9,34,36,37
9,34,37,36
9,34,38,11
9,34,39,5
9,34,40,5
9,35,35,4
9,35,36,10
9,35,37,32
9,35,38,22
9,35,39,4
9,35,40,8
9,36,40,9
9,36,36,4
9,36,37,11
9,36,38,21
9,36,39,9
9,37,40,17
9,37,37,1
9,37,38,7
9,37,39,6
9,38,40,12
9,38,38,1
9,38,39,2
9,39,40,4
9,39,39,1
