lexicon,lev, length_count, neighbors
real,1,1,6
real,1,2,1067
real,1,3,11138
real,1,4,5187
real,1,5,978
real,1,6,111
real,1,7,19
real,1,8,2
real,2,2,10409
real,2,3,147601
real,2,4,48441
real,2,5,7858
real,2,6,664
real,2,7,57
real,2,8,11
real,3,3,814971
real,3,4,314160
real,3,5,49789
real,3,6,4499
real,3,7,421
real,3,8,29
real,3,9,2
real,4,4,1316742
real,4,5,226051
real,4,6,24411
real,4,7,2259
real,4,8,131
real,4,9,5
real,4,10,1
real,5,5,593799
real,5,6,91068
real,5,7,10398
real,5,8,580
real,5,9,14
real,5,10,1
real,6,8,2259
real,6,9,87
real,6,10,4
real,6,6,183837
real,6,7,32342
real,7,8,5975
real,7,9,244
real,7,10,12
real,7,11,1
real,7,7,48465
real,8,8,6944
real,8,9,573
real,8,10,61
real,8,11,1
real,9,9,560
real,9,10,106
real,9,11,5
real,10,10,91
real,10,11,8
real,11,11,13
real,11,12,1
0,1,1,6
0,1,2,884
0,1,3,10248
0,1,4,4569
0,1,5,685
0,1,6,42
0,2,2,10592
0,2,3,140305
0,2,4,47201
0,2,5,6168
0,2,6,369
0,2,7,15
0,2,8,1
0,3,3,823157
0,3,4,323294
0,3,5,43915
0,3,6,3020
0,3,7,152
0,3,8,8
0,4,8,54
0,4,4,1309466
0,4,5,216917
0,4,6,18710
0,4,7,1232
0,5,8,271
0,5,9,6
0,5,5,610790
0,5,6,82515
0,5,7,6918
0,6,8,1394
0,6,9,43
0,6,10,1
0,6,6,199934
0,6,7,27713
0,7,8,4874
0,7,9,159
0,7,10,9
0,7,7,57931
0,8,8,9329
0,8,9,496
0,8,10,28
0,8,11,2
0,9,9,781
0,9,10,87
0,9,11,5
0,10,10,151
0,10,11,9
0,11,11,12
0,12,12,1
1,1,1,6
1,1,2,809
1,1,3,10378
1,1,4,4849
1,1,5,594
1,1,6,42
1,1,7,1
1,2,2,10667
1,2,3,142327
1,2,4,48878
1,2,5,5839
1,2,6,346
1,2,7,9
1,3,3,821005
1,3,4,329767
1,3,5,43325
1,3,6,2731
1,3,7,119
1,3,8,4
1,4,8,34
1,4,4,1301036
1,4,5,215377
1,4,6,17466
1,4,7,1053
1,5,8,269
1,5,9,10
1,5,5,613340
1,5,6,80280
1,5,7,6410
1,6,8,1433
1,6,9,42
1,6,10,1
1,6,6,203725
1,6,7,26901
1,7,8,5119
1,7,9,175
1,7,10,6
1,7,11,1
1,7,7,59468
1,8,8,9072
1,8,9,525
1,8,10,48
1,8,11,1
1,9,9,733
1,9,10,108
1,9,11,2
1,10,10,113
1,10,11,7
1,11,11,17
1,12,12,1
2,1,1,6
2,1,2,896
2,1,3,10068
2,1,4,4548
2,1,5,619
2,1,6,21
2,1,7,1
2,2,2,10580
2,2,3,138189
2,2,4,47179
2,2,5,5725
2,2,6,348
2,2,7,24
2,3,3,825453
2,3,4,330063
2,3,5,42821
2,3,6,2821
2,3,7,192
2,3,8,4
2,3,9,1
2,4,4,1302740
2,4,5,217519
2,4,6,17543
2,4,7,1364
2,4,8,38
2,4,9,3
2,5,5,611791
2,5,6,79268
2,5,7,7230
2,5,8,239
2,5,9,7
2,5,10,1
2,6,8,1344
2,6,9,38
2,6,6,204589
2,6,7,28119
2,7,8,5184
2,7,9,149
2,7,10,3
2,7,7,57031
2,8,8,9122
2,8,9,491
2,8,10,37
2,8,11,1
2,9,9,796
2,9,10,102
2,9,11,6
2,10,10,133
2,10,11,14
2,11,11,7
2,11,12,1
3,1,1,6
3,1,2,876
3,1,3,10490
3,1,4,4781
3,1,5,674
3,1,6,39
3,2,2,10600
3,2,3,144027
3,2,4,48415
3,2,5,5907
3,2,6,312
3,2,7,12
3,3,3,819193
3,3,4,327266
3,3,5,44247
3,3,6,2705
3,3,7,141
3,3,8,7
3,4,8,28
3,4,4,1304068
3,4,5,218738
3,4,6,17738
3,4,7,1062
3,5,8,277
3,5,9,8
3,5,5,608909
3,5,6,79342
3,5,7,6488
3,6,8,1383
3,6,9,33
3,6,6,204454
3,6,7,27486
3,7,8,5144
3,7,9,136
3,7,10,5
3,7,7,58772
3,8,8,9092
3,8,9,533
3,8,10,32
3,8,11,3
3,9,9,775
3,9,10,105
3,9,11,10
3,10,10,134
3,10,11,9
3,11,11,6
3,11,12,1
4,1,1,6
4,1,2,888
4,1,3,10180
4,1,4,4833
4,1,5,539
4,1,6,28
4,1,7,2
4,2,2,10588
4,2,3,141114
4,2,4,48947
4,2,5,5534
4,2,6,317
4,2,7,14
4,3,3,822416
4,3,4,326420
4,3,5,41983
4,3,6,2636
4,3,7,110
4,3,8,4
4,4,4,1304330
4,4,5,209512
4,4,6,16841
4,4,7,1061
4,4,8,43
4,4,9,1
4,5,8,301
4,5,9,4
4,5,5,620907
4,5,6,79269
4,5,7,6489
4,6,8,1439
4,6,9,43
4,6,10,2
4,6,6,205499
4,6,7,27485
4,7,8,5117
4,7,9,173
4,7,10,7
4,7,7,58800
4,8,8,9027
4,8,9,543
4,8,10,23
4,8,11,1
4,9,9,721
4,9,10,99
4,9,11,6
4,10,10,145
4,10,11,15
4,11,11,6
4,12,12,1
5,1,1,6
5,1,2,874
5,1,3,10363
5,1,4,4602
5,1,5,663
5,1,6,47
5,1,7,3
5,2,2,10602
5,2,3,142199
5,2,4,47413
5,2,5,6097
5,2,6,392
5,2,7,16
5,2,8,1
5,3,3,821148
5,3,4,321787
5,3,5,43063
5,3,6,2765
5,3,7,182
5,3,8,3
5,4,8,32
5,4,4,1310728
5,4,5,215792
5,4,6,16801
5,4,7,1334
5,5,8,222
5,5,9,1
5,5,5,612860
5,5,6,78120
5,5,7,7201
5,6,8,1261
5,6,9,19
5,6,6,206465
5,6,7,27739
5,7,8,4958
5,7,9,144
5,7,10,10
5,7,7,57486
5,8,8,9454
5,8,9,488
5,8,10,29
5,9,9,833
5,9,10,102
5,9,11,1
5,10,10,135
5,10,11,11
5,11,11,16
5,11,12,1
6,1,1,6
6,1,2,937
6,1,3,10431
6,1,4,4791
6,1,5,577
6,1,6,47
6,1,7,3
6,2,2,10539
6,2,3,143167
6,2,4,48955
6,2,5,5583
6,2,6,461
6,2,7,13
6,3,3,820112
6,3,4,330221
6,3,5,40960
6,3,6,3220
6,3,7,138
6,3,8,3
6,4,8,27
6,4,4,1300563
6,4,5,211929
6,4,6,18840
6,4,7,1048
6,5,8,248
6,5,9,7
6,5,5,619426
6,5,6,80849
6,5,7,6698
6,6,8,1280
6,6,9,23
6,6,10,2
6,6,6,201173
6,6,7,27303
6,7,8,4893
6,7,9,167
6,7,10,5
6,7,7,58758
6,8,8,9480
6,8,9,502
6,8,10,26
6,8,11,1
6,9,9,786
6,9,10,103
6,9,11,5
6,10,10,140
6,10,11,14
6,11,11,8
6,12,12,1
7,1,1,6
7,1,2,874
7,1,3,10615
7,1,4,4764
7,1,5,617
7,1,6,47
7,1,7,1
7,2,2,10602
7,2,3,144941
7,2,4,49060
7,2,5,5955
7,2,6,434
7,2,7,14
7,3,3,818154
7,3,4,327213
7,3,5,42501
7,3,6,3285
7,3,7,140
7,3,8,12
7,4,4,1303493
7,4,5,213716
7,4,6,18967
7,4,7,1176
7,4,8,56
7,4,9,1
7,5,8,287
7,5,9,6
7,5,5,615686
7,5,6,81009
7,5,7,6848
7,6,8,1556
7,6,9,31
7,6,6,200848
7,6,7,27682
7,7,8,5315
7,7,9,138
7,7,10,11
7,7,11,2
7,7,7,58100
7,8,8,8705
7,8,9,500
7,8,10,34
7,9,9,809
7,9,10,102
7,9,11,2
7,10,10,129
7,10,11,14
7,10,12,1
7,11,11,10
8,1,1,6
8,1,2,926
8,1,3,10168
8,1,4,4708
8,1,5,608
8,1,6,44
8,2,2,10550
8,2,3,138627
8,2,4,47904
8,2,5,5589
8,2,6,337
8,2,7,16
8,3,3,824915
8,3,4,324491
8,3,5,41613
8,3,6,2853
8,3,7,163
8,3,8,12
8,4,4,1307427
8,4,5,214484
8,4,6,18557
8,4,7,1225
8,4,8,48
8,4,9,2
8,5,8,310
8,5,9,9
8,5,5,616181
8,5,6,81517
8,5,7,6917
8,6,8,1588
8,6,9,49
8,6,10,6
8,6,6,201282
8,6,7,28207
8,7,8,5256
8,7,9,176
8,7,10,12
8,7,7,57433
8,8,8,8717
8,8,9,519
8,8,10,36
8,8,11,2
8,9,9,730
8,9,10,107
8,9,11,8
8,9,12,1
8,10,10,115
8,10,11,8
8,11,11,10
9,1,1,6
9,1,2,885
9,1,3,10259
9,1,4,4705
9,1,5,575
9,1,6,44
9,1,7,2
9,2,2,10591
9,2,3,141373
9,2,4,48202
9,2,5,5701
9,2,6,381
9,2,7,21
9,2,8,2
9,3,3,822078
9,3,4,327537
9,3,5,42913
9,3,6,3120
9,3,7,184
9,3,8,3
9,4,8,42
9,4,4,1304086
9,4,5,212361
9,4,6,19285
9,4,7,1261
9,5,8,285
9,5,9,8
9,5,5,616925
9,5,6,82638
9,5,7,6977
9,6,8,1393
9,6,9,34
9,6,6,199122
9,6,7,27391
9,7,8,4963
9,7,9,172
9,7,10,8
9,7,11,1
9,7,7,58125
9,8,8,9243
9,8,9,522
9,8,10,26
9,8,11,1
9,9,9,749
9,9,10,106
9,9,11,6
9,9,12,1
9,10,10,136
9,10,11,10
9,11,11,10
10,1,1,6
10,1,2,869
10,1,3,10194
10,1,4,4884
10,1,5,603
10,1,6,40
10,1,7,2
10,2,2,10607
10,2,3,139934
10,2,4,49801
10,2,5,5734
10,2,6,308
10,2,7,23
10,3,3,823582
10,3,4,334296
10,3,5,42323
10,3,6,2635
10,3,7,157
10,4,4,1295549
10,4,5,218709
10,4,6,17003
10,4,7,1195
10,4,8,30
10,4,9,1
10,5,8,253
10,5,9,9
10,5,5,611106
10,5,6,79662
10,5,7,6853
10,6,8,1267
10,6,9,46
10,6,6,204942
10,6,7,27563
10,7,8,4888
10,7,9,158
10,7,10,11
10,7,7,58168
10,8,8,9493
10,8,9,487
10,8,10,34
10,8,11,1
10,9,9,784
10,9,10,91
10,9,11,9
10,10,10,140
10,10,11,10
10,11,11,8
10,12,12,1
11,1,1,6
11,1,2,905
11,1,3,10432
11,1,4,4673
11,1,5,646
11,1,6,50
11,1,7,4
11,2,2,10571
11,2,3,141191
11,2,4,48931
11,2,5,5780
11,2,6,315
11,2,7,16
11,3,3,822087
11,3,4,325922
11,3,5,42988
11,3,6,2891
11,3,7,201
11,3,8,3
11,4,8,43
11,4,4,1305004
11,4,5,213827
11,4,6,17465
11,4,7,1317
11,5,8,233
11,5,9,8
11,5,5,615234
11,5,6,80098
11,5,7,6960
11,6,8,1369
11,6,9,48
11,6,6,203771
11,6,7,27807
11,7,8,4988
11,7,9,197
11,7,10,12
11,7,7,57656
11,8,8,9295
11,8,9,485
11,8,10,32
11,8,11,2
11,9,9,747
11,9,10,91
11,9,11,5
11,10,10,141
11,10,11,7
11,11,11,14
11,12,12,1
12,1,1,6
12,1,2,867
12,1,3,9925
12,1,4,4815
12,1,5,637
12,1,6,49
12,1,7,3
12,2,2,10609
12,2,3,139316
12,2,4,48291
12,2,5,5558
12,2,6,449
12,2,7,20
12,2,8,1
12,3,3,824469
12,3,4,327268
12,3,5,40976
12,3,6,2733
12,3,7,174
12,3,8,2
12,4,4,1304156
12,4,5,211938
12,4,6,17866
12,4,7,1205
12,4,8,30
12,4,9,1
12,5,8,235
12,5,9,8
12,5,5,619366
12,5,6,81618
12,5,7,6797
12,6,8,1370
12,6,9,33
12,6,6,201875
12,6,7,27755
12,7,8,5045
12,7,9,177
12,7,10,11
12,7,7,58007
12,8,8,9248
12,8,9,539
12,8,10,26
12,9,9,727
12,9,10,97
12,9,11,4
12,10,10,142
12,10,11,11
12,11,11,13
12,11,12,1
13,1,1,6
13,1,2,884
13,1,3,10532
13,1,4,4706
13,1,5,590
13,1,6,30
13,1,7,2
13,2,2,10592
13,2,3,143806
13,2,4,47032
13,2,5,5730
13,2,6,362
13,2,7,15
13,3,3,819372
13,3,4,325465
13,3,5,41909
13,3,6,2853
13,3,7,172
13,3,8,3
13,3,9,1
13,4,8,44
13,4,4,1307327
13,4,5,212346
13,4,6,18290
13,4,7,1122
13,5,8,271
13,5,9,2
13,5,5,617900
13,5,6,81515
13,5,7,6823
13,6,8,1307
13,6,9,31
13,6,10,1
13,6,6,201540
13,6,7,27164
13,7,8,5046
13,7,9,136
13,7,10,16
13,7,11,1
13,7,7,58663
13,8,8,9260
13,8,9,474
13,8,10,37
13,8,11,6
13,9,9,841
13,9,10,88
13,9,11,5
13,10,10,134
13,10,11,11
13,10,12,1
13,11,11,5
14,1,1,6
14,1,2,848
14,1,3,10279
14,1,4,4848
14,1,5,581
14,1,6,51
14,2,2,10628
14,2,3,142623
14,2,4,49111
14,2,5,5685
14,2,6,415
14,2,7,22
14,3,3,820808
14,3,4,333418
14,3,5,41422
14,3,6,3107
14,3,7,166
14,3,8,5
14,4,4,1297153
14,4,5,209226
14,4,6,18379
14,4,7,1147
14,4,8,39
14,4,9,2
14,5,5,621561
14,5,6,80166
14,5,7,6728
14,5,8,253
14,5,9,8
14,5,10,1
14,6,6,202472
14,6,7,27294
14,6,8,1385
14,6,9,34
14,6,10,4
14,6,11,1
14,7,8,5027
14,7,9,134
14,7,10,6
14,7,7,58604
14,8,8,9222
14,8,9,500
14,8,10,45
14,8,11,1
14,9,9,807
14,9,10,93
14,9,11,7
14,10,10,127
14,10,11,8
14,10,12,1
14,11,11,11
15,1,1,6
15,1,2,909
15,1,3,10225
15,1,4,4675
15,1,5,639
15,1,6,37
15,1,7,1
15,2,2,10567
15,2,3,142005
15,2,4,47469
15,2,5,5977
15,2,6,391
15,2,7,15
15,3,3,821480
15,3,4,327351
15,3,5,43919
15,3,6,2957
15,3,7,171
15,3,8,4
15,4,4,1305035
15,4,5,215097
15,4,6,18163
15,4,7,1113
15,4,8,44
15,4,9,1
15,5,8,275
15,5,9,4
15,5,5,612843
15,5,6,79700
15,5,7,6498
15,6,8,1359
15,6,9,40
15,6,10,1
15,6,6,203342
15,6,7,27338
15,7,8,5076
15,7,9,188
15,7,10,7
15,7,11,1
15,7,7,58825
15,8,8,9173
15,8,9,488
15,8,10,25
15,8,11,1
15,9,9,764
15,9,10,111
15,9,11,4
15,10,10,132
15,10,11,3
15,11,11,19
15,12,12,1
16,1,1,6
16,1,2,882
16,1,3,10220
16,1,4,4545
16,1,5,605
16,1,6,35
16,1,7,2
16,2,2,10594
16,2,3,140265
16,2,4,47009
16,2,5,5554
16,2,6,345
16,2,7,24
16,2,8,1
16,3,3,823225
16,3,4,325274
16,3,5,41516
16,3,6,2823
16,3,7,182
16,3,8,4
16,4,8,33
16,4,4,1307702
16,4,5,212944
16,4,6,17853
16,4,7,1237
16,5,8,229
16,5,9,6
16,5,5,617856
16,5,6,81830
16,5,7,7207
16,6,8,1280
16,6,9,36
16,6,10,1
16,6,6,201704
16,6,7,27859
16,7,8,4907
16,7,9,142
16,7,10,7
16,7,7,57450
16,8,8,9477
16,8,9,459
16,8,10,30
16,8,11,1
16,9,9,842
16,9,10,95
16,9,11,4
16,10,10,143
16,10,11,13
16,11,11,10
16,11,12,1
17,1,1,6
17,1,2,940
17,1,3,10287
17,1,4,4416
17,1,5,500
17,1,6,46
17,1,7,1
17,2,2,10536
17,2,3,140491
17,2,4,47114
17,2,5,5260
17,2,6,416
17,2,7,14
17,3,3,822932
17,3,4,319050
17,3,5,40799
17,3,6,3126
17,3,7,151
17,3,8,6
17,4,8,45
17,4,4,1313950
17,4,5,209019
17,4,6,18576
17,4,7,1138
17,5,8,327
17,5,9,8
17,5,5,622897
17,5,6,82700
17,5,7,6611
17,6,8,1446
17,6,9,31
17,6,10,3
17,6,6,199726
17,6,7,27207
17,7,8,5189
17,7,9,151
17,7,10,4
17,7,7,58839
17,8,8,8918
17,8,9,495
17,8,10,29
17,9,9,800
17,9,10,93
17,9,11,1
17,10,10,147
17,10,11,13
17,11,11,14
17,11,12,1
18,1,1,6
18,1,2,945
18,1,3,10160
18,1,4,4858
18,1,5,573
18,1,6,35
18,1,7,1
18,2,2,10531
18,2,3,140306
18,2,4,49702
18,2,5,5192
18,2,6,333
18,2,7,14
18,2,8,1
18,3,3,823244
18,3,4,330593
18,3,5,39296
18,3,6,2936
18,3,7,148
18,3,8,5
18,4,4,1299377
18,4,5,210704
18,4,6,18272
18,4,7,1108
18,4,8,40
18,4,9,2
18,5,8,278
18,5,9,5
18,5,5,622710
18,5,6,81095
18,5,7,6567
18,6,8,1414
18,6,9,26
18,6,10,4
18,6,6,201919
18,6,7,27277
18,7,8,5120
18,7,9,161
18,7,10,11
18,7,7,58846
18,8,8,9073
18,8,9,525
18,8,10,32
18,9,9,766
18,9,10,104
18,9,11,6
18,10,10,125
18,10,11,10
18,10,12,1
18,11,11,12
19,1,1,6
19,1,2,843
19,1,3,10201
19,1,4,4916
19,1,5,650
19,1,6,50
19,1,7,3
19,2,2,10633
19,2,3,141869
19,2,4,48457
19,2,5,5613
19,2,6,433
19,2,7,14
19,2,8,1
19,3,3,821640
19,3,4,329174
19,3,5,41152
19,3,6,3022
19,3,7,169
19,3,8,7
19,4,8,36
19,4,4,1301983
19,4,5,212445
19,4,6,18341
19,4,7,1251
19,5,8,252
19,5,9,4
19,5,5,618615
19,5,6,81977
19,5,7,6947
19,6,6,200767
19,6,7,27931
19,6,8,1385
19,6,9,28
19,6,10,3
19,6,11,1
19,7,8,4906
19,7,9,129
19,7,10,13
19,7,7,57646
19,8,8,9344
19,8,9,493
19,8,10,24
19,9,9,831
19,9,10,95
19,9,11,4
19,10,10,141
19,10,11,7
19,11,11,16
19,11,12,1
20,1,1,6
20,1,2,849
20,1,3,10169
20,1,4,4858
20,1,5,626
20,1,6,36
20,1,7,1
20,2,2,10627
20,2,3,139968
20,2,4,49510
20,2,5,5622
20,2,6,378
20,2,7,18
20,2,8,1
20,3,3,823573
20,3,4,324527
20,3,5,41268
20,3,6,3112
20,3,7,164
20,3,8,3
20,4,4,1305635
20,4,5,209920
20,4,6,18308
20,4,7,1227
20,4,8,32
20,4,9,1
20,5,8,225
20,5,5,621039
20,5,6,81095
20,5,7,6915
20,6,8,1418
20,6,9,24
20,6,10,1
20,6,6,201661
20,6,7,27774
20,7,8,4991
20,7,9,142
20,7,10,8
20,7,11,2
20,7,7,57862
20,8,8,9261
20,8,9,530
20,8,10,28
20,8,11,2
20,9,9,788
20,9,10,95
20,9,11,7
20,10,10,144
20,10,11,10
20,11,11,7
20,12,12,1
21,1,1,6
21,1,2,922
21,1,3,10032
21,1,4,4976
21,1,5,624
21,1,6,30
21,2,2,10554
21,2,3,137677
21,2,4,49836
21,2,5,5572
21,2,6,355
21,2,7,21
21,3,3,826001
21,3,4,329559
21,3,5,41993
21,3,6,2879
21,3,7,186
21,3,8,4
21,4,8,50
21,4,4,1300159
21,4,5,211297
21,4,6,18689
21,4,7,1354
21,5,8,312
21,5,9,10
21,5,5,618989
21,5,6,81580
21,5,7,7394
21,6,8,1537
21,6,9,28
21,6,10,2
21,6,6,201057
21,6,7,27695
21,7,8,4957
21,7,9,165
21,7,10,5
21,7,11,1
21,7,7,57311
21,8,8,9071
21,8,9,505
21,8,10,35
21,9,9,777
21,9,10,98
21,9,11,2
21,10,10,136
21,10,11,6
21,11,11,19
21,12,12,1
22,1,1,6
22,1,2,882
22,1,3,10227
22,1,4,4960
22,1,5,614
22,1,6,41
22,2,2,10594
22,2,3,141066
22,2,4,49870
22,2,5,5615
22,2,6,378
22,2,7,14
22,3,3,822417
22,3,4,332531
22,3,5,41918
22,3,6,3023
22,3,7,164
22,3,8,3
22,4,8,40
22,4,4,1297169
22,4,5,214562
22,4,6,18283
22,4,7,1139
22,5,8,297
22,5,9,6
22,5,5,615766
22,5,6,80363
22,5,7,6655
22,6,8,1482
22,6,9,38
22,6,10,2
22,6,6,202502
22,6,7,26807
22,7,8,5151
22,7,9,143
22,7,10,13
22,7,7,59182
22,8,8,8958
22,8,9,494
22,8,10,34
22,8,11,1
22,9,9,804
22,9,10,99
22,9,11,6
22,10,10,128
22,10,11,10
22,11,11,11
22,12,12,1
23,1,1,6
23,1,2,872
23,1,3,10230
23,1,4,4764
23,1,5,563
23,1,6,54
23,1,7,1
23,2,2,10604
23,2,3,141161
23,2,4,48563
23,2,5,5242
23,2,6,406
23,2,7,9
23,3,3,822319
23,3,4,324374
23,3,5,40063
23,3,6,3211
23,3,7,136
23,3,8,6
23,3,9,1
23,4,8,40
23,4,4,1306829
23,4,5,210128
23,4,6,18968
23,4,7,1114
23,5,8,255
23,5,9,5
23,5,5,622479
23,5,6,82897
23,5,7,6397
23,6,8,1397
23,6,9,26
23,6,6,199054
23,6,7,27085
23,7,8,5065
23,7,9,150
23,7,10,9
23,7,7,59219
23,8,8,9168
23,8,9,483
23,8,10,36
23,9,9,820
23,9,10,101
23,9,11,4
23,10,10,130
23,10,11,8
23,11,11,16
23,12,12,1
24,1,1,6
24,1,2,863
24,1,3,10289
24,1,4,4843
24,1,5,625
24,1,6,44
24,1,8,1
24,2,2,10613
24,2,3,142028
24,2,4,48245
24,2,5,5612
24,2,6,394
24,2,7,14
24,3,3,821393
24,3,4,325007
24,3,5,42580
24,3,6,3090
24,3,7,147
24,3,8,3
24,4,4,1306435
24,4,5,214570
24,4,6,18447
24,4,7,1142
24,4,8,42
24,4,9,1
24,5,8,272
24,5,9,3
24,5,5,615088
24,5,6,80304
24,5,7,7165
24,6,8,1394
24,6,9,30
24,6,10,3
24,6,6,202311
24,6,7,28413
24,7,8,5175
24,7,9,159
24,7,10,12
24,7,11,1
24,7,7,57080
24,8,8,9044
24,8,9,485
24,8,10,50
24,8,11,1
24,9,9,807
24,9,10,107
24,9,11,5
24,10,10,104
24,10,11,12
24,11,11,9
24,11,12,1
25,1,1,6
25,1,2,971
25,1,3,10268
25,1,4,4683
25,1,5,552
25,1,6,43
25,1,7,1
25,2,2,10505
25,2,3,140065
25,2,4,46875
25,2,5,5406
25,2,6,393
25,2,7,15
25,2,8,1
25,3,3,823377
25,3,4,325690
25,3,5,40894
25,3,6,2922
25,3,7,134
25,3,8,3
25,3,9,1
25,4,4,1307282
25,4,5,210708
25,4,6,18217
25,4,7,1082
25,4,8,29
25,4,9,1
25,5,8,256
25,5,9,8
25,5,5,620915
25,5,6,79639
25,5,7,6321
25,6,8,1337
25,6,9,46
25,6,6,203376
25,6,7,26812
25,7,8,4772
25,7,9,206
25,7,10,7
25,7,7,59596
25,8,8,9533
25,8,9,522
25,8,10,30
25,8,11,1
25,9,9,701
25,9,10,102
25,9,11,1
25,10,10,137
25,10,11,14
25,11,11,12
25,12,12,1
26,1,1,6
26,1,2,878
26,1,3,9937
26,1,4,4679
26,1,5,584
26,1,6,40
26,1,7,1
26,2,2,10598
26,2,3,139029
26,2,4,46854
26,2,5,5487
26,2,6,347
26,2,7,23
26,2,8,1
26,3,3,824744
26,3,4,322550
26,3,5,39691
26,3,6,2725
26,3,7,184
26,3,8,3
26,4,4,1310447
26,4,5,209603
26,4,6,17940
26,4,7,1192
26,4,8,45
26,4,9,1
26,5,8,239
26,5,9,7
26,5,5,623110
26,5,6,81414
26,5,7,6884
26,6,8,1363
26,6,9,22
26,6,10,1
26,6,6,202124
26,6,7,27244
26,7,8,5005
26,7,9,145
26,7,10,7
26,7,7,58433
26,8,8,9275
26,8,9,531
26,8,10,31
26,9,9,779
26,9,10,89
26,9,11,5
26,10,10,148
26,10,11,14
26,11,11,9
26,11,12,1
27,1,1,6
27,1,2,869
27,1,3,10215
27,1,4,4831
27,1,5,643
27,1,6,38
27,1,7,3
27,2,2,10607
27,2,3,141035
27,2,4,49714
27,2,5,6342
27,2,6,328
27,2,7,20
27,3,3,822460
27,3,4,333519
27,3,5,44743
27,3,6,2966
27,3,7,189
27,3,8,5
27,4,8,29
27,4,4,1296466
27,4,5,220435
27,4,6,18258
27,4,7,1205
27,5,8,234
27,5,9,6
27,5,5,606312
27,5,6,82236
27,5,7,6767
27,6,8,1282
27,6,9,32
27,6,10,2
27,6,6,200764
27,6,7,27028
27,7,8,4814
27,7,9,155
27,7,10,8
27,7,7,58749
27,8,8,9567
27,8,9,505
27,8,10,32
27,9,9,787
27,9,10,91
27,9,11,1
27,10,10,143
27,10,11,11
27,11,11,16
27,12,12,1
28,1,1,6
28,1,2,891
28,1,3,10144
28,1,4,4766
28,1,5,573
28,1,6,41
28,1,7,1
28,2,2,10585
28,2,3,138171
28,2,4,48080
28,2,5,5406
28,2,6,367
28,2,7,13
28,2,8,1
28,3,3,825395
28,3,4,326320
28,3,5,40985
28,3,6,2926
28,3,7,167
28,3,8,4
28,4,4,1305364
28,4,5,210384
28,4,6,18300
28,4,7,1152
28,4,8,29
28,4,9,1
28,5,8,261
28,5,9,4
28,5,5,621127
28,5,6,81071
28,5,7,6630
28,6,8,1325
28,6,9,41
28,6,10,1
28,6,6,201885
28,6,7,27092
28,7,8,4966
28,7,9,174
28,7,10,10
28,7,7,58906
28,8,8,9345
28,8,9,500
28,8,10,40
28,8,11,3
28,9,9,765
28,9,10,101
28,9,11,3
28,10,10,124
28,10,11,10
28,11,11,12
28,11,12,1
29,1,1,6
29,1,2,901
29,1,3,10115
29,1,4,4626
29,1,5,646
29,1,6,38
29,1,7,5
29,2,2,10575
29,2,3,140598
29,2,4,48327
29,2,5,5644
29,2,6,426
29,2,7,8
29,2,8,1
29,3,3,822997
29,3,4,326461
29,3,5,42877
29,3,6,3055
29,3,7,107
29,3,8,4
29,4,8,38
29,4,4,1305116
29,4,5,215745
29,4,6,19227
29,4,7,1014
29,5,5,613563
29,5,6,82952
29,5,7,6059
29,5,8,244
29,5,9,7
29,5,10,2
29,6,8,1387
29,6,9,33
29,6,10,1
29,6,6,198892
29,6,7,26367
29,7,8,5091
29,7,9,167
29,7,10,8
29,7,11,1
29,7,7,60401
29,8,8,9166
29,8,9,482
29,8,10,22
29,9,9,796
29,9,10,112
29,9,11,8
29,10,10,131
29,10,11,7
29,11,11,12
29,11,12,1
