lexicon,lev, length_count, neighbors
real,1,1,6
real,1,2,1067
real,1,3,11138
real,1,4,5187
real,1,5,978
real,1,6,111
real,1,7,19
real,1,8,2
real,2,2,10409
real,2,3,147601
real,2,4,48441
real,2,5,7858
real,2,6,664
real,2,7,57
real,2,8,11
real,3,3,814971
real,3,4,314160
real,3,5,49789
real,3,6,4499
real,3,7,421
real,3,8,29
real,3,9,2
real,4,4,1316742
real,4,5,226051
real,4,6,24411
real,4,7,2259
real,4,8,131
real,4,9,5
real,4,10,1
real,5,5,593799
real,5,6,91068
real,5,7,10398
real,5,8,580
real,5,9,14
real,5,10,1
real,6,8,2259
real,6,9,87
real,6,10,4
real,6,6,183837
real,6,7,32342
real,7,8,5975
real,7,9,244
real,7,10,12
real,7,11,1
real,7,7,48465
real,8,8,6944
real,8,9,573
real,8,10,61
real,8,11,1
real,9,9,560
real,9,10,106
real,9,11,5
real,10,10,91
real,10,11,8
real,11,11,13
real,11,12,1
0,1,1,351
0,1,2,1805
0,1,3,13207
0,1,4,3241
0,1,5,577
0,1,6,47
0,1,7,1
0,2,2,20986
0,2,3,184630
0,2,4,31648
0,2,5,4698
0,2,6,364
0,2,7,20
0,2,8,1
0,3,3,1076569
0,3,4,203624
0,3,5,32336
0,3,6,2302
0,3,7,160
0,3,8,14
0,3,9,2
0,4,4,793253
0,4,5,156831
0,4,6,11944
0,4,7,1005
0,4,8,75
0,4,9,6
0,4,10,3
0,5,5,441186
0,5,6,47592
0,5,7,5247
0,5,8,528
0,5,9,94
0,5,10,9
0,5,11,1
0,6,6,106822
0,6,7,19675
0,6,8,2396
0,6,9,508
0,6,10,60
0,6,11,6
0,6,12,2
0,7,7,39233
0,7,8,7029
0,7,9,1997
0,7,10,288
0,7,11,31
0,7,12,3
0,7,13,1
0,8,8,10057
0,8,9,5585
0,8,10,1034
0,8,11,140
0,8,12,36
0,8,13,8
0,8,14,3
0,9,9,7033
0,9,10,2510
0,9,11,429
0,9,12,170
0,9,13,30
0,9,14,7
0,9,15,3
0,9,16,1
0,10,10,2882
0,10,11,917
0,10,12,557
0,10,13,84
0,10,14,41
0,10,15,8
0,11,11,822
0,11,12,928
0,11,13,198
0,11,14,130
0,11,15,24
0,11,16,2
0,12,16,12
0,12,12,789
0,12,13,319
0,12,14,322
0,12,15,71
0,13,13,263
0,13,14,447
0,13,15,178
0,13,16,34
0,13,17,3
0,13,18,2
0,14,16,27
0,14,17,2
0,14,14,275
0,14,15,212
0,15,15,134
0,15,16,59
0,15,17,5
0,15,18,2
0,15,19,2
0,15,22,1
0,16,16,36
0,16,17,4
0,16,18,6
0,16,19,6
0,16,20,9
0,16,22,2
0,17,17,1
0,17,18,8
0,17,19,9
0,17,20,9
0,17,21,1
0,18,18,3
0,18,19,7
0,18,20,9
0,18,21,10
0,18,22,1
0,18,24,2
0,19,19,4
0,19,20,15
0,19,21,11
0,19,22,1
0,19,23,1
0,19,24,1
0,20,20,3
0,20,21,11
0,20,22,1
0,20,23,1
0,21,24,2
0,21,25,1
0,21,26,1
0,21,21,3
0,21,23,2
0,22,25,2
0,22,27,2
0,22,23,2
0,23,24,1
0,23,25,3
0,24,27,4
0,24,29,1
0,25,27,3
0,27,27,1
1,1,1,210
1,1,2,1836
1,1,3,13453
1,1,4,3376
1,1,5,642
1,1,6,43
1,1,7,3
1,2,2,22035
1,2,3,186635
1,2,4,31495
1,2,5,5236
1,2,6,290
1,2,7,22
1,2,8,1
1,3,3,1063167
1,3,4,207676
1,3,5,33245
1,3,6,2047
1,3,7,125
1,3,8,16
1,3,9,2
1,4,4,828369
1,4,5,156788
1,4,6,12332
1,4,7,822
1,4,8,80
1,4,9,11
1,4,10,2
1,5,5,444235
1,5,6,52122
1,5,7,4807
1,5,8,585
1,5,9,77
1,5,10,9
1,5,11,2
1,6,6,115272
1,6,7,17579
1,6,8,2781
1,6,9,464
1,6,10,49
1,6,11,7
1,6,12,1
1,7,7,35295
1,7,8,8531
1,7,9,1989
1,7,10,235
1,7,11,37
1,7,12,4
1,7,13,2
1,8,8,12982
1,8,9,5608
1,8,10,866
1,8,11,196
1,8,12,28
1,8,13,2
1,9,9,6900
1,9,10,2095
1,9,11,628
1,9,12,114
1,9,13,16
1,9,14,2
1,10,10,2309
1,10,11,1318
1,10,12,264
1,10,13,68
1,10,14,11
1,10,15,1
1,11,11,1133
1,11,12,590
1,11,13,191
1,11,14,44
1,11,15,10
1,11,16,2
1,12,12,539
1,12,13,334
1,12,14,87
1,12,15,50
1,12,16,13
1,12,17,2
1,13,16,17
1,13,17,4
1,13,13,248
1,13,14,149
1,13,15,84
1,14,14,85
1,14,15,123
1,14,16,34
1,14,17,11
1,14,18,1
1,14,19,3
1,15,15,57
1,15,16,52
1,15,17,26
1,15,18,5
1,15,19,5
1,15,20,2
1,16,16,35
1,16,17,23
1,16,18,4
1,16,19,6
1,16,20,3
1,17,17,12
1,17,18,4
1,17,19,6
1,17,20,9
1,18,18,1
1,18,19,7
1,18,20,21
1,18,21,1
1,19,19,1
1,19,20,16
1,19,21,3
1,19,22,1
1,20,26,2
1,20,20,4
1,20,21,3
1,20,31,1
1,21,25,1
1,21,26,3
1,21,21,3
1,22,25,2
1,22,26,4
1,22,29,1
1,23,26,2
1,24,26,6
1,25,26,4
1,25,27,1
1,25,29,1
1,27,29,1
1,27,31,2
2,1,1,300
2,1,2,2096
2,1,3,12866
2,1,4,3314
2,1,5,643
2,1,6,48
2,1,7,5
2,2,2,25634
2,2,3,175609
2,2,4,32065
2,2,5,5472
2,2,6,284
2,2,7,31
2,2,8,3
2,3,3,1007356
2,3,4,206613
2,3,5,34774
2,3,6,2105
2,3,7,205
2,3,8,22
2,3,15,1
2,4,4,807084
2,4,5,161939
2,4,6,11708
2,4,7,1179
2,4,8,147
2,4,9,16
2,4,10,2
2,4,12,1
2,5,5,456698
2,5,6,45728
2,5,7,5896
2,5,8,932
2,5,9,58
2,5,10,18
2,5,11,1
2,6,6,98893
2,6,7,20445
2,6,8,3987
2,6,9,379
2,6,10,58
2,6,11,6
2,6,13,1
2,7,7,36859
2,7,8,11420
2,7,9,1769
2,7,10,271
2,7,11,47
2,7,12,10
2,7,13,2
2,8,8,17159
2,8,9,4578
2,8,10,943
2,8,11,174
2,8,12,40
2,8,13,6
2,8,14,2
2,9,9,6080
2,9,10,2042
2,9,11,542
2,9,12,159
2,9,13,20
2,9,14,2
2,10,10,2444
2,10,11,1107
2,10,12,427
2,10,13,77
2,10,14,11
2,10,15,4
2,11,11,1126
2,11,12,760
2,11,13,203
2,11,14,38
2,11,15,13
2,11,16,1
2,12,12,556
2,12,13,358
2,12,14,73
2,12,15,42
2,12,16,3
2,12,17,2
2,12,18,1
2,13,13,236
2,13,14,144
2,13,15,90
2,13,16,2
2,13,17,8
2,13,18,1
2,14,14,108
2,14,15,115
2,14,16,8
2,14,17,13
2,14,18,5
2,14,19,1
2,14,20,2
2,15,15,60
2,15,16,25
2,15,17,44
2,15,18,19
2,15,19,6
2,15,20,2
2,16,16,16
2,16,17,37
2,16,18,51
2,16,19,16
2,16,20,3
2,16,21,2
2,17,17,16
2,17,18,45
2,17,19,14
2,17,20,23
2,17,21,2
2,17,22,1
2,18,18,14
2,18,19,11
2,18,20,31
2,18,21,4
2,19,19,7
2,19,20,20
2,19,21,2
2,19,22,1
2,19,23,1
2,20,25,1
2,20,20,10
2,20,22,1
2,20,23,1
2,21,25,2
2,21,23,2
2,22,25,1
2,22,26,1
2,22,23,1
2,23,26,1
2,23,23,1
2,24,25,2
2,24,27,2
2,25,26,1
2,27,27,1
3,1,1,276
3,1,2,1836
3,1,3,13011
3,1,4,3543
3,1,5,548
3,1,6,57
3,1,7,3
3,1,8,2
3,2,2,22695
3,2,3,182184
3,2,4,31984
3,2,5,4722
3,2,6,334
3,2,7,31
3,2,8,2
3,2,9,2
3,3,3,1071241
3,3,4,204692
3,3,5,32990
3,3,6,2223
3,3,7,196
3,3,8,9
3,4,4,810306
3,4,5,155568
3,4,6,12443
3,4,7,1189
3,4,8,135
3,4,9,16
3,4,10,1
3,5,5,418343
3,5,6,48023
3,5,7,5990
3,5,8,705
3,5,9,92
3,5,10,3
3,6,6,101945
3,6,7,21439
3,6,8,3334
3,6,9,419
3,6,10,40
3,6,11,3
3,6,12,1
3,7,7,41277
3,7,8,10556
3,7,9,1673
3,7,10,222
3,7,11,48
3,7,12,4
3,7,13,1
3,8,8,15638
3,8,9,4577
3,8,10,773
3,8,11,189
3,8,12,12
3,8,13,5
3,9,9,6101
3,9,10,1786
3,9,11,680
3,9,12,89
3,9,13,28
3,9,14,6
3,9,16,1
3,10,10,1831
3,10,11,1404
3,10,12,258
3,10,13,98
3,10,14,13
3,10,15,2
3,11,11,1417
3,11,12,470
3,11,13,269
3,11,14,55
3,11,15,13
3,11,16,12
3,12,16,24
3,12,12,441
3,12,13,468
3,12,14,106
3,12,15,38
3,13,16,58
3,13,17,5
3,13,13,356
3,13,14,188
3,13,15,112
3,14,14,128
3,14,15,138
3,14,16,133
3,14,17,10
3,14,18,3
3,14,19,1
3,14,20,1
3,15,15,103
3,15,16,151
3,15,17,10
3,15,18,3
3,15,19,6
3,15,20,2
3,16,16,56
3,16,17,22
3,16,18,5
3,16,19,4
3,16,20,1
3,16,21,1
3,17,17,8
3,17,18,4
3,17,19,16
3,17,20,8
3,17,21,5
3,18,19,14
3,18,20,14
3,18,21,5
3,18,22,1
3,19,19,4
3,19,20,10
3,19,21,4
3,19,22,1
3,19,23,3
3,20,24,1
3,20,21,4
3,20,22,1
3,20,23,1
3,21,24,1
3,21,21,2
3,21,23,1
3,22,24,3
3,22,23,1
3,23,24,1
3,23,28,1
3,24,25,1
3,28,29,1
4,1,1,190
4,1,2,1898
4,1,3,13476
4,1,4,3599
4,1,5,610
4,1,6,44
4,1,7,3
4,2,2,23302
4,2,3,185789
4,2,4,33635
4,2,5,5119
4,2,6,277
4,2,7,24
4,2,8,4
4,3,3,1081535
4,3,4,217706
4,3,5,33388
4,3,6,2127
4,3,7,224
4,3,8,12
4,3,9,1
4,4,4,851388
4,4,5,157785
4,4,6,11397
4,4,7,1292
4,4,8,89
4,4,9,12
4,4,10,3
4,5,5,430858
4,5,6,43480
4,5,7,6281
4,5,8,576
4,5,9,75
4,5,10,14
4,5,11,2
4,6,6,88745
4,6,7,22018
4,6,8,2821
4,6,9,399
4,6,10,50
4,6,11,13
4,6,12,2
4,7,7,40658
4,7,8,8489
4,7,9,1620
4,7,10,331
4,7,11,42
4,7,12,11
4,8,8,12762
4,8,9,4539
4,8,10,1188
4,8,11,164
4,8,12,41
4,8,13,6
4,8,14,2
4,9,9,5757
4,9,10,2761
4,9,11,510
4,9,12,206
4,9,13,23
4,9,14,2
4,9,15,2
4,10,10,3034
4,10,11,965
4,10,12,521
4,10,13,104
4,10,14,17
4,10,15,4
4,11,11,789
4,11,12,1012
4,11,13,295
4,11,14,46
4,11,15,19
4,12,12,763
4,12,13,490
4,12,14,92
4,12,15,48
4,12,16,6
4,12,17,1
4,12,18,1
4,13,13,307
4,13,14,134
4,13,15,109
4,13,16,12
4,13,17,2
4,13,18,2
4,13,19,1
4,14,14,85
4,14,15,143
4,14,16,18
4,14,17,11
4,14,18,7
4,14,19,2
4,15,16,24
4,15,17,16
4,15,18,7
4,15,19,1
4,15,15,81
4,16,16,6
4,16,17,18
4,16,18,17
4,16,19,3
4,16,20,1
4,17,17,7
4,17,18,22
4,17,19,4
4,17,20,1
4,18,18,10
4,18,19,2
4,18,20,2
4,18,22,4
4,18,23,1
4,18,24,1
4,19,19,2
4,19,20,1
4,19,22,4
4,19,23,2
4,20,20,1
4,20,22,2
4,20,23,2
4,21,26,1
4,21,22,5
4,21,23,5
4,22,26,1
4,23,25,1
4,23,26,1
4,23,28,1
4,24,27,1
4,26,28,1
4,27,28,1
5,1,1,210
5,1,2,1881
5,1,3,13442
5,1,4,3869
5,1,5,586
5,1,6,38
5,1,7,3
5,1,8,1
5,2,2,22872
5,2,3,186038
5,2,4,34489
5,2,5,4446
5,2,6,390
5,2,7,26
5,2,8,1
5,2,9,1
5,3,3,1089335
5,3,4,222554
5,3,5,29821
5,3,6,2379
5,3,7,193
5,3,8,16
5,4,4,872353
5,4,5,143499
5,4,6,12616
5,4,7,1322
5,4,8,96
5,4,9,14
5,4,10,1
5,4,11,1
5,5,5,402151
5,5,6,48097
5,5,7,5934
5,5,8,534
5,5,9,98
5,5,10,8
5,6,6,102656
5,6,7,19934
5,6,8,2628
5,6,9,452
5,6,10,54
5,6,11,6
5,6,12,1
5,6,14,1
5,7,7,37929
5,7,8,7950
5,7,9,1903
5,7,10,279
5,7,11,37
5,7,12,3
5,7,14,1
5,8,8,12645
5,8,9,5152
5,8,10,1096
5,8,11,174
5,8,12,34
5,8,13,3
5,9,9,6915
5,9,10,2508
5,9,11,551
5,9,12,89
5,9,13,17
5,9,14,5
5,9,15,1
5,10,10,2957
5,10,11,1014
5,10,12,286
5,10,13,64
5,10,14,20
5,10,15,2
5,11,11,918
5,11,12,509
5,11,13,170
5,11,14,62
5,11,15,12
5,11,17,1
5,12,12,404
5,12,13,259
5,12,14,154
5,12,15,31
5,12,16,12
5,12,17,1
5,13,13,190
5,13,14,203
5,13,15,66
5,13,16,24
5,13,17,9
5,13,18,1
5,14,14,115
5,14,15,67
5,14,16,54
5,14,17,33
5,14,18,2
5,14,21,1
5,15,15,52
5,15,16,97
5,15,17,41
5,15,18,12
5,15,19,1
5,15,21,1
5,16,16,44
5,16,17,33
5,16,18,8
5,16,19,3
5,16,20,2
5,16,21,1
5,17,17,18
5,17,18,10
5,17,19,4
5,17,20,5
5,17,22,1
5,18,18,3
5,18,19,2
5,18,20,4
5,18,21,3
5,18,22,2
5,19,24,1
5,19,20,4
5,19,21,3
5,19,22,8
5,19,23,8
5,20,21,1
5,20,22,9
5,20,23,8
5,21,27,2
5,21,22,8
5,21,23,5
5,22,24,1
5,22,27,3
5,22,23,7
5,23,24,1
5,23,27,2
5,25,27,2
5,26,27,1
6,1,1,210
6,1,2,2100
6,1,3,13590
6,1,4,3499
6,1,5,595
6,1,6,39
6,1,7,3
6,2,2,25866
6,2,3,187683
6,2,4,31581
6,2,5,4859
6,2,6,313
6,2,7,25
6,2,9,1
6,3,3,1093972
6,3,4,203196
6,3,5,32646
6,3,6,2045
6,3,7,143
6,3,8,15
6,3,9,1
6,4,4,799244
6,4,5,155780
6,4,6,11204
6,4,7,800
6,4,8,81
6,4,9,14
6,4,10,4
6,4,11,2
6,5,5,448531
6,5,6,43042
6,5,7,4219
6,5,8,574
6,5,9,73
6,5,10,10
6,6,6,89968
6,6,7,15898
6,6,8,2499
6,6,9,496
6,6,10,78
6,6,11,7
6,6,12,1
6,7,7,31562
6,7,8,8098
6,7,9,1919
6,7,10,392
6,7,11,50
6,7,12,8
6,8,8,13043
6,8,9,4810
6,8,10,1443
6,8,11,240
6,8,12,32
6,8,13,4
6,8,14,1
6,8,15,1
6,9,9,6216
6,9,10,3163
6,9,11,704
6,9,12,131
6,9,13,24
6,9,14,3
6,9,15,3
6,9,16,1
6,10,10,3425
6,10,11,1472
6,10,12,350
6,10,13,72
6,10,14,17
6,10,15,8
6,10,16,2
6,11,11,1441
6,11,12,683
6,11,13,173
6,11,14,45
6,11,15,23
6,11,16,6
6,11,17,1
6,12,12,565
6,12,13,289
6,12,14,93
6,12,15,85
6,12,16,11
6,12,17,3
6,13,13,218
6,13,14,123
6,13,15,167
6,13,16,28
6,13,17,15
6,13,18,4
6,13,19,1
6,14,14,69
6,14,15,196
6,14,16,75
6,14,17,32
6,14,18,7
6,14,19,3
6,15,16,109
6,15,17,53
6,15,18,23
6,15,19,6
6,15,15,112
6,16,16,68
6,16,17,71
6,16,18,31
6,16,19,9
6,16,20,2
6,17,17,35
6,17,18,19
6,17,19,28
6,17,20,8
6,17,21,1
6,18,18,7
6,18,19,11
6,18,20,9
6,18,21,3
6,19,19,8
6,19,20,12
6,19,21,5
6,19,22,1
6,19,23,3
6,20,20,5
6,20,21,5
6,20,22,1
6,20,23,2
6,20,24,1
6,20,25,2
6,21,24,3
6,21,28,1
6,21,21,1
6,22,24,1
6,22,25,3
6,22,26,1
6,22,28,1
6,22,22,1
6,23,24,1
6,23,26,1
6,23,29,1
6,23,23,1
6,24,25,1
6,25,28,3
6,26,26,1
6,26,28,4
6,27,28,1
6,34,36,1
7,1,1,231
7,1,2,1789
7,1,3,13332
7,1,4,3605
7,1,5,551
7,1,6,42
7,1,7,2
7,2,2,21864
7,2,3,187048
7,2,4,34035
7,2,5,4761
7,2,6,314
7,2,7,31
7,2,8,1
7,2,9,1
7,3,3,1101311
7,3,4,216601
7,3,5,31775
7,3,6,2146
7,3,7,145
7,3,8,13
7,3,11,1
7,4,4,876015
7,4,5,147314
7,4,6,11898
7,4,7,1018
7,4,8,130
7,4,9,17
7,4,10,1
7,5,5,395025
7,5,6,47005
7,5,7,5285
7,5,8,662
7,5,9,91
7,5,10,6
7,5,11,3
7,5,12,1
7,6,6,102473
7,6,7,19117
7,6,8,3040
7,6,9,452
7,6,10,57
7,6,11,11
7,6,12,1
7,7,7,37237
7,7,8,9114
7,7,9,2009
7,7,10,286
7,7,11,34
7,7,12,7
7,7,13,1
7,7,14,1
7,8,8,14068
7,8,9,5153
7,8,10,943
7,8,11,151
7,8,12,19
7,8,13,4
7,9,9,5972
7,9,10,2233
7,9,11,600
7,9,12,86
7,9,13,10
7,9,14,4
7,9,15,1
7,10,10,2360
7,10,11,1142
7,10,12,242
7,10,13,64
7,10,14,14
7,10,15,3
7,11,11,1139
7,11,12,410
7,11,13,179
7,11,14,51
7,11,15,25
7,11,16,4
7,12,12,410
7,12,13,289
7,12,14,102
7,12,15,40
7,12,16,13
7,12,17,2
7,13,13,194
7,13,14,162
7,13,15,123
7,13,16,20
7,13,17,5
7,13,19,1
7,14,14,101
7,14,15,144
7,14,16,59
7,14,17,17
7,14,18,2
7,14,19,12
7,15,15,70
7,15,16,94
7,15,17,23
7,15,18,3
7,15,19,17
7,15,20,1
7,15,22,1
7,16,16,41
7,16,17,13
7,16,18,2
7,16,19,30
7,16,21,1
7,16,22,2
7,17,17,6
7,17,18,7
7,17,19,44
7,17,20,1
7,17,21,1
7,17,22,2
7,18,18,1
7,18,19,44
7,18,20,3
7,18,21,3
7,18,22,2
7,18,24,2
7,19,19,5
7,19,20,1
7,19,21,3
7,19,22,7
7,19,23,1
7,19,24,1
7,20,24,3
7,20,21,2
7,20,22,19
7,20,23,4
7,21,24,1
7,21,22,10
7,21,23,2
7,22,24,2
7,22,25,1
7,22,22,2
7,22,23,7
7,23,24,1
7,23,23,1
7,24,32,1
7,28,32,1
7,29,29,1
7,30,32,1
8,1,1,276
8,1,2,1824
8,1,3,13151
8,1,4,3366
8,1,5,582
8,1,6,46
8,1,7,6
8,2,2,22929
8,2,3,183386
8,2,4,32025
8,2,5,4770
8,2,6,363
8,2,7,29
8,2,8,5
8,2,9,1
8,2,10,1
8,3,3,1095491
8,3,4,208346
8,3,5,31919
8,3,6,2254
8,3,7,178
8,3,8,19
8,3,9,2
8,4,4,825716
8,4,5,146043
8,4,6,12455
8,4,7,1246
8,4,8,108
8,4,9,11
8,5,5,400426
8,5,6,48530
8,5,7,6162
8,5,8,611
8,5,9,89
8,5,10,9
8,5,11,2
8,6,6,104842
8,6,7,22222
8,6,8,2835
8,6,9,450
8,6,10,52
8,6,11,8
8,7,7,39535
8,7,8,9007
8,7,9,1678
8,7,10,261
8,7,11,34
8,7,12,11
8,7,13,1
8,7,16,1
8,8,8,13980
8,8,9,4541
8,8,10,1076
8,8,11,138
8,8,12,37
8,8,13,5
8,8,14,2
8,8,15,1
8,9,9,5789
8,9,10,2592
8,9,11,474
8,9,12,163
8,9,13,29
8,9,14,1
8,10,10,2912
8,10,11,921
8,10,12,457
8,10,13,82
8,10,14,9
8,10,15,1
8,10,16,1
8,11,11,979
8,11,12,813
8,11,13,238
8,11,14,43
8,11,15,8
8,11,16,3
8,12,12,664
8,12,13,509
8,12,14,115
8,12,15,27
8,12,16,17
8,12,17,1
8,13,13,411
8,13,14,183
8,13,15,87
8,13,16,52
8,13,17,8
8,13,18,1
8,14,16,84
8,14,17,12
8,14,18,6
8,14,14,82
8,14,15,130
8,15,16,88
8,15,17,24
8,15,18,15
8,15,19,1
8,15,15,71
8,16,16,30
8,16,17,44
8,16,18,19
8,16,19,2
8,16,20,1
8,17,17,16
8,17,18,25
8,17,19,3
8,17,20,2
8,17,21,1
8,18,18,12
8,18,19,3
8,18,20,5
8,18,21,4
8,18,22,1
8,19,19,1
8,19,20,2
8,19,21,1
8,20,21,3
8,20,22,2
8,21,24,1
8,21,25,2
8,21,26,1
8,21,21,1
8,22,25,3
8,23,25,2
8,23,27,2
8,24,25,3
8,24,26,1
8,24,27,1
8,25,26,1
8,31,40,1
9,1,1,276
9,1,2,1712
9,1,3,13315
9,1,4,3707
9,1,5,551
9,1,6,47
9,1,7,6
9,2,2,20443
9,2,3,184506
9,2,4,33169
9,2,5,4471
9,2,6,419
9,2,7,35
9,2,8,1
9,2,9,1
9,3,3,1079780
9,3,4,211492
9,3,5,29401
9,3,6,2645
9,3,7,176
9,3,8,15
9,3,9,1
9,4,4,847572
9,4,5,141344
9,4,6,15221
9,4,7,1116
9,4,8,87
9,4,9,7
9,4,11,1
9,5,5,401508
9,5,6,56832
9,5,7,5653
9,5,8,530
9,5,9,66
9,5,10,8
9,5,11,2
9,6,6,121714
9,6,7,19702
9,6,8,2577
9,6,9,325
9,6,10,42
9,6,11,7
9,6,12,1
9,7,7,38292
9,7,8,7616
9,7,9,1324
9,7,10,210
9,7,11,40
9,7,12,5
9,7,13,1
9,8,8,11540
9,8,9,3802
9,8,10,783
9,8,11,155
9,8,12,35
9,8,13,4
9,8,14,1
9,9,9,5352
9,9,10,2073
9,9,11,619
9,9,12,121
9,9,13,26
9,9,14,3
9,10,10,2344
9,10,11,1299
9,10,12,339
9,10,13,71
9,10,14,14
9,11,11,1280
9,11,12,590
9,11,13,264
9,11,14,68
9,11,15,5
9,11,16,3
9,11,17,1
9,12,12,505
9,12,13,386
9,12,14,180
9,12,15,20
9,12,16,7
9,12,17,3
9,13,13,329
9,13,14,251
9,13,15,78
9,13,16,35
9,13,17,6
9,13,19,1
9,14,14,149
9,14,15,80
9,14,16,51
9,14,17,17
9,14,18,1
9,14,19,1
9,15,15,48
9,15,16,66
9,15,17,54
9,15,18,13
9,15,19,4
9,15,20,5
9,16,16,28
9,16,17,48
9,16,18,27
9,16,19,7
9,16,20,5
9,17,17,24
9,17,18,28
9,17,19,26
9,17,20,5
9,17,21,3
9,17,22,2
9,18,18,9
9,18,19,21
9,18,20,7
9,18,21,7
9,18,22,2
9,19,24,1
9,19,19,6
9,19,20,5
9,19,21,6
9,19,22,5
9,20,20,1
9,20,21,4
9,20,22,7
9,21,24,2
9,21,25,1
9,21,21,1
9,21,22,3
9,22,25,1
9,22,26,3
9,22,22,2
9,22,23,1
9,23,25,1
9,23,26,2
9,24,26,4
9,25,26,1
9,25,27,1
9,26,27,2
9,26,28,1
9,27,33,1
10,1,1,253
10,1,2,1921
10,1,3,13213
10,1,4,3334
10,1,5,522
10,1,6,44
10,1,7,2
10,2,2,23504
10,2,3,185844
10,2,4,31030
10,2,5,4418
10,2,6,385
10,2,7,30
10,2,8,3
10,3,3,1078544
10,3,4,195613
10,3,5,30799
10,3,6,2577
10,3,7,156
10,3,8,12
10,3,9,1
10,4,4,767601
10,4,5,148495
10,4,6,14387
10,4,7,1106
10,4,8,104
10,4,9,10
10,4,10,3
10,5,5,409271
10,5,6,54382
10,5,7,5801
10,5,8,623
10,5,9,83
10,5,10,13
10,5,11,1
10,6,6,115803
10,6,7,21273
10,6,8,2804
10,6,9,382
10,6,10,121
10,6,11,4
10,6,13,1
10,7,7,41757
10,7,8,9007
10,7,9,1515
10,7,10,493
10,7,11,20
10,7,12,6
10,8,8,14243
10,8,9,4453
10,8,10,1696
10,8,11,117
10,8,12,24
10,8,13,4
10,9,9,6276
10,9,10,3701
10,9,11,397
10,9,12,103
10,9,13,13
10,9,14,1
10,9,15,2
10,10,10,3564
10,10,11,971
10,10,12,305
10,10,13,65
10,10,14,9
10,10,15,1
10,10,16,1
10,10,17,1
10,11,11,1046
10,11,12,542
10,11,13,137
10,11,14,33
10,11,15,18
10,11,17,2
10,12,12,451
10,12,13,334
10,12,14,61
10,12,15,52
10,12,16,1
10,12,17,2
10,13,13,266
10,13,14,100
10,13,15,143
10,13,16,28
10,13,17,12
10,13,18,6
10,14,14,72
10,14,15,243
10,14,16,27
10,14,17,20
10,14,18,10
10,14,19,4
10,15,15,136
10,15,16,28
10,15,17,26
10,15,18,22
10,15,19,5
10,15,20,2
10,15,21,1
10,16,16,20
10,16,17,31
10,16,18,51
10,16,19,11
10,16,20,5
10,17,17,11
10,17,18,48
10,17,19,19
10,17,20,12
10,17,21,2
10,17,22,1
10,18,18,16
10,18,19,21
10,18,20,16
10,18,21,6
10,18,22,1
10,19,19,6
10,19,20,15
10,19,21,5
10,19,22,2
10,20,25,1
10,20,20,5
10,20,21,7
10,20,22,2
10,21,25,1
10,21,22,2
10,22,25,2
10,22,27,1
10,22,22,2
10,23,24,1
10,23,27,3
10,24,25,2
10,24,27,1
10,25,27,1
10,26,29,1
10,27,30,1
11,1,1,300
11,1,2,1846
11,1,3,13033
11,1,4,3577
11,1,5,476
11,1,6,43
11,1,7,3
11,2,2,22685
11,2,3,181352
11,2,4,32872
11,2,5,4344
11,2,6,235
11,2,7,26
11,2,8,3
11,3,3,1075236
11,3,4,211844
11,3,5,30101
11,3,6,1827
11,3,7,153
11,3,8,11
11,3,9,1
11,4,4,858035
11,4,5,149355
11,4,6,10729
11,4,7,1019
11,4,8,113
11,4,9,16
11,4,10,3
11,5,5,429002
11,5,6,43122
11,5,7,4954
11,5,8,645
11,5,9,84
11,5,10,6
11,5,12,1
11,6,6,100564
11,6,7,17764
11,6,8,2719
11,6,9,421
11,6,10,47
11,6,11,14
11,7,7,32361
11,7,8,8449
11,7,9,1614
11,7,10,250
11,7,11,49
11,7,12,8
11,7,13,2
11,7,14,1
11,8,8,12813
11,8,9,4523
11,8,10,964
11,8,11,220
11,8,12,23
11,8,13,4
11,8,14,2
11,9,9,5587
11,9,10,2487
11,9,11,808
11,9,12,119
11,9,13,21
11,9,14,4
11,10,10,2798
11,10,11,1625
11,10,12,358
11,10,13,80
11,10,14,15
11,10,15,5
11,10,16,1
11,10,17,1
11,11,11,1562
11,11,12,663
11,11,13,207
11,11,14,49
11,11,15,11
11,11,17,1
11,11,19,1
11,12,12,539
11,12,13,345
11,12,14,111
11,12,15,43
11,12,16,9
11,12,17,5
11,13,13,244
11,13,14,173
11,13,15,101
11,13,16,25
11,13,17,15
11,13,18,3
11,13,19,2
11,14,14,110
11,14,15,119
11,14,16,53
11,14,17,51
11,14,18,11
11,14,19,1
11,15,15,46
11,15,16,58
11,15,17,96
11,15,18,24
11,15,19,10
11,15,20,1
11,16,16,25
11,16,17,87
11,16,18,36
11,16,19,15
11,16,20,5
11,16,21,2
11,17,17,44
11,17,18,43
11,17,19,18
11,17,20,8
11,17,21,3
11,18,18,19
11,18,19,19
11,18,20,8
11,18,21,13
11,18,23,1
11,19,20,12
11,19,21,16
11,19,22,1
11,19,23,4
11,20,20,2
11,20,21,9
11,20,22,2
11,20,23,8
11,21,21,2
11,21,22,3
11,21,23,7
11,22,28,1
11,23,23,1
11,25,28,2
11,28,33,1
11,28,29,1
12,1,1,190
12,1,2,1899
12,1,3,12608
12,1,4,3652
12,1,5,661
12,1,6,52
12,1,7,3
12,2,2,23752
12,2,3,175203
12,2,4,33235
12,2,5,5281
12,2,6,336
12,2,7,16
12,2,8,4
12,3,3,1029769
12,3,4,210273
12,3,5,35741
12,3,6,2101
12,3,7,148
12,3,8,13
12,3,9,3
12,3,10,2
12,4,4,839915
12,4,5,170041
12,4,6,11389
12,4,7,967
12,4,8,133
12,4,9,11
12,4,10,2
12,4,11,1
12,5,5,452404
12,5,6,46720
12,5,7,4977
12,5,8,758
12,5,9,55
12,5,10,11
12,5,11,2
12,6,6,105002
12,6,7,18123
12,6,8,3661
12,6,9,353
12,6,10,54
12,6,11,10
12,6,12,4
12,7,7,33396
12,7,8,10972
12,7,9,1488
12,7,10,262
12,7,11,37
12,7,12,8
12,7,13,2
12,8,8,16844
12,8,9,3948
12,8,10,954
12,8,11,168
12,8,12,30
12,8,13,10
12,8,14,1
12,9,9,5317
12,9,10,2212
12,9,11,523
12,9,12,120
12,9,13,34
12,9,14,10
12,10,10,2281
12,10,11,1126
12,10,12,297
12,10,13,90
12,10,14,16
12,10,15,4
12,10,17,1
12,11,11,1214
12,11,12,567
12,11,13,271
12,11,14,73
12,11,15,13
12,11,17,1
12,12,12,514
12,12,13,448
12,12,14,153
12,12,15,35
12,12,16,5
12,12,17,2
12,13,13,321
12,13,14,242
12,13,15,104
12,13,16,11
12,13,17,6
12,13,21,1
12,14,16,17
12,14,17,6
12,14,18,2
12,14,14,171
12,14,15,126
12,15,15,69
12,15,16,17
12,15,17,16
12,15,18,5
12,15,19,2
12,15,20,1
12,15,21,1
12,16,16,5
12,16,17,22
12,16,18,10
12,16,19,9
12,16,20,3
12,17,17,12
12,17,18,17
12,17,19,6
12,17,20,1
12,17,21,4
12,17,22,1
12,17,23,1
12,18,18,2
12,18,19,5
12,18,20,1
12,18,21,14
12,18,22,2
12,18,25,1
12,19,25,2
12,19,19,6
12,19,21,4
12,19,22,5
12,19,23,3
12,20,25,4
12,20,21,3
12,20,22,5
12,20,23,3
12,21,25,6
12,21,26,1
12,21,21,1
12,21,22,2
12,21,23,2
12,22,24,1
12,22,25,3
12,22,27,1
12,23,25,3
12,23,23,1
12,24,25,2
12,26,30,1
12,27,30,1
12,29,30,1
13,1,1,325
13,1,2,2019
13,1,3,13301
13,1,4,3501
13,1,5,578
13,1,6,41
13,1,7,1
13,2,2,24316
13,2,3,183812
13,2,4,31460
13,2,5,4771
13,2,6,350
13,2,7,21
13,2,8,2
13,3,3,1051877
13,3,4,198222
13,3,5,32285
13,3,6,2254
13,3,7,157
13,3,8,18
13,3,9,1
13,4,4,791413
13,4,5,152621
13,4,6,12352
13,4,7,1124
13,4,8,109
13,4,9,12
13,4,10,2
13,5,5,434148
13,5,6,50312
13,5,7,5429
13,5,8,614
13,5,9,49
13,5,10,4
13,5,11,3
13,6,6,111406
13,6,7,19810
13,6,8,2991
13,6,9,311
13,6,10,44
13,6,11,17
13,7,7,36648
13,7,8,9371
13,7,9,1412
13,7,10,233
13,7,11,75
13,7,12,7
13,8,8,14390
13,8,9,3855
13,8,10,836
13,8,11,344
13,8,12,23
13,8,13,6
13,8,14,1
13,9,9,5386
13,9,10,2049
13,9,11,1036
13,9,12,89
13,9,13,17
13,9,14,6
13,9,15,2
13,10,10,2188
13,10,11,2046
13,10,12,287
13,10,13,130
13,10,14,19
13,10,16,3
13,10,17,1
13,11,11,1835
13,11,12,592
13,11,13,286
13,11,14,35
13,11,15,12
13,11,16,3
13,12,12,542
13,12,13,505
13,12,14,113
13,12,15,40
13,12,16,14
13,12,17,2
13,12,18,1
13,13,13,382
13,13,14,178
13,13,15,82
13,13,16,25
13,13,17,10
13,13,18,3
13,14,16,71
13,14,17,20
13,14,18,10
13,14,14,113
13,14,15,85
13,15,16,80
13,15,17,40
13,15,18,30
13,15,19,10
13,15,15,55
13,16,16,35
13,16,17,34
13,16,18,44
13,16,19,9
13,17,17,13
13,17,18,46
13,17,19,22
13,17,20,1
13,17,21,1
13,17,22,5
13,18,18,19
13,18,19,12
13,18,20,1
13,18,21,1
13,18,22,9
13,18,23,1
13,19,19,2
13,19,20,3
13,19,21,1
13,19,22,13
13,19,23,4
13,19,25,1
13,20,24,1
13,20,20,1
13,20,22,6
13,20,23,5
13,21,27,1
13,21,22,3
13,21,23,2
13,22,25,2
13,22,23,2
13,23,24,2
13,23,23,1
13,24,27,1
13,25,27,1
13,29,33,1
14,1,1,171
14,1,2,1772
14,1,3,13193
14,1,4,3516
14,1,5,503
14,1,6,53
14,1,7,2
14,2,2,21664
14,2,3,182626
14,2,4,32207
14,2,5,4779
14,2,6,403
14,2,7,19
14,2,8,2
14,2,9,1
14,3,3,1065847
14,3,4,210454
14,3,5,32392
14,3,6,2499
14,3,7,176
14,3,8,9
14,3,9,2
14,4,4,845326
14,4,5,151160
14,4,6,13219
14,4,7,1255
14,4,8,67
14,4,9,14
14,4,10,5
14,5,5,428882
14,5,6,51684
14,5,7,6035
14,5,8,468
14,5,9,90
14,5,10,15
14,5,11,2
14,5,12,1
14,6,6,106487
14,6,7,21071
14,6,8,2390
14,6,9,493
14,6,10,63
14,6,11,14
14,6,12,1
14,7,7,40077
14,7,8,8171
14,7,9,1947
14,7,10,284
14,7,11,54
14,7,12,2
14,8,8,13203
14,8,9,4692
14,8,10,962
14,8,11,178
14,8,12,19
14,8,13,8
14,8,14,4
14,9,9,6127
14,9,10,2255
14,9,11,607
14,9,12,91
14,9,13,19
14,9,14,7
14,9,15,3
14,10,10,2744
14,10,11,1262
14,10,12,239
14,10,13,56
14,10,14,23
14,10,15,3
14,11,11,1204
14,11,12,457
14,11,13,123
14,11,14,59
14,11,15,11
14,11,16,2
14,12,12,415
14,12,13,224
14,12,14,155
14,12,15,52
14,12,16,5
14,12,17,3
14,12,18,2
14,13,13,165
14,13,14,236
14,13,15,85
14,13,16,26
14,13,17,12
14,13,18,1
14,14,14,111
14,14,15,116
14,14,16,45
14,14,17,34
14,14,18,4
14,14,19,2
14,15,15,81
14,15,16,38
14,15,17,61
14,15,18,10
14,15,19,2
14,15,21,1
14,16,16,20
14,16,17,59
14,16,18,9
14,16,19,5
14,16,20,1
14,17,17,21
14,17,18,18
14,17,19,7
14,17,21,10
14,17,23,1
14,18,18,11
14,18,19,3
14,18,20,4
14,18,21,12
14,18,22,1
14,19,19,2
14,19,21,11
14,19,22,2
14,19,23,1
14,20,20,1
14,20,21,9
14,20,22,3
14,21,21,2
14,21,22,4
14,21,23,2
14,22,24,1
14,22,25,3
14,22,23,2
14,23,25,2
14,24,25,3
14,25,25,2
14,31,35,1
15,1,1,300
15,1,2,1882
15,1,3,13149
15,1,4,3564
15,1,5,532
15,1,6,59
15,1,7,4
15,2,2,23318
15,2,3,178903
15,2,4,32797
15,2,5,4443
15,2,6,354
15,2,7,24
15,2,8,2
15,2,9,1
15,3,3,1041183
15,3,4,208499
15,3,5,31029
15,3,6,2443
15,3,7,159
15,3,8,12
15,3,9,1
15,4,4,824593
15,4,5,149125
15,4,6,12546
15,4,7,958
15,4,8,91
15,4,9,13
15,4,10,3
15,5,5,420421
15,5,6,47448
15,5,7,5710
15,5,8,569
15,5,9,86
15,5,10,10
15,5,11,3
15,6,6,103326
15,6,7,21373
15,6,8,2582
15,6,9,394
15,6,10,58
15,6,11,10
15,6,12,1
15,7,7,40778
15,7,8,7872
15,7,9,1622
15,7,10,314
15,7,11,63
15,7,12,1
15,7,13,1
15,7,14,1
15,8,8,12525
15,8,9,4625
15,8,10,1035
15,8,11,268
15,8,12,15
15,8,13,3
15,8,14,1
15,9,9,6299
15,9,10,2595
15,9,11,791
15,9,12,69
15,9,13,29
15,9,14,13
15,9,15,1
15,10,10,3006
15,10,11,1428
15,10,12,200
15,10,13,85
15,10,14,40
15,10,15,3
15,11,11,1178
15,11,12,399
15,11,13,272
15,11,14,106
15,11,15,18
15,11,16,3
15,11,18,3
15,12,12,305
15,12,13,464
15,12,14,298
15,12,15,46
15,12,16,8
15,12,17,2
15,12,18,1
15,13,13,371
15,13,14,375
15,13,15,108
15,13,16,17
15,13,17,2
15,13,18,4
15,13,20,1
15,14,14,247
15,14,15,136
15,14,16,38
15,14,17,11
15,14,18,14
15,14,20,3
15,14,21,1
15,15,15,66
15,15,16,45
15,15,17,16
15,15,18,23
15,15,19,3
15,15,20,3
15,15,21,1
15,16,16,25
15,16,17,16
15,16,18,55
15,16,19,4
15,16,20,15
15,16,21,3
15,17,17,8
15,17,18,64
15,17,19,6
15,17,20,22
15,17,21,7
15,18,18,26
15,18,19,8
15,18,20,33
15,18,21,4
15,18,23,1
15,19,20,24
15,19,21,11
15,19,22,2
15,19,23,1
15,20,20,4
15,20,21,14
15,20,23,4
15,21,24,1
15,21,21,4
15,21,22,1
15,23,25,1
15,24,26,1
15,26,28,1
15,27,32,1
15,27,29,1
16,1,1,190
16,1,2,1830
16,1,3,13542
16,1,4,3461
16,1,5,514
16,1,6,36
16,1,7,6
16,1,8,1
16,2,2,22041
16,2,3,187413
16,2,4,31910
16,2,5,4318
16,2,6,336
16,2,7,30
16,2,8,2
16,2,9,1
16,3,3,1107198
16,3,4,202486
16,3,5,29618
16,3,6,2218
16,3,7,190
16,3,8,13
16,3,9,2
16,4,4,808324
16,4,5,137015
16,4,6,12069
16,4,7,1349
16,4,8,124
16,4,9,9
16,4,10,1
16,5,5,370896
16,5,6,45579
16,5,7,6672
16,5,8,668
16,5,9,85
16,5,10,8
16,5,11,1
16,5,12,1
16,6,6,98528
16,6,7,23523
16,6,8,2943
16,6,9,453
16,6,10,60
16,6,11,13
16,6,12,1
16,7,7,43308
16,7,8,8818
16,7,9,1783
16,7,10,269
16,7,11,39
16,7,12,6
16,7,15,1
16,8,8,13082
16,8,9,5313
16,8,10,963
16,8,11,179
16,8,12,31
16,8,13,2
16,8,14,3
16,9,9,7579
16,9,10,2358
16,9,11,572
16,9,12,157
16,9,13,25
16,9,14,12
16,9,15,3
16,10,10,2557
16,10,11,1185
16,10,12,485
16,10,13,92
16,10,14,34
16,10,15,10
16,10,16,1
16,11,11,1171
16,11,12,841
16,11,13,223
16,11,14,115
16,11,15,35
16,11,16,1
16,11,17,1
16,12,12,689
16,12,13,371
16,12,14,234
16,12,15,108
16,12,16,12
16,12,17,5
16,13,13,233
16,13,14,336
16,13,15,242
16,13,16,25
16,13,17,6
16,13,19,1
16,14,14,169
16,14,15,352
16,14,16,59
16,14,17,21
16,14,19,3
16,14,20,1
16,14,22,1
16,15,15,195
16,15,16,91
16,15,17,35
16,15,18,2
16,15,19,11
16,15,20,1
16,15,21,1
16,16,16,42
16,16,17,24
16,16,18,9
16,16,19,16
16,16,20,8
16,16,22,1
16,17,17,13
16,17,18,8
16,17,19,20
16,17,20,15
16,17,22,1
16,18,18,2
16,18,19,21
16,18,20,13
16,18,21,1
16,18,22,9
16,18,23,1
16,19,19,6
16,19,20,10
16,19,21,1
16,19,22,7
16,19,23,1
16,19,24,1
16,20,24,2
16,20,20,7
16,20,22,20
16,21,24,1
16,21,25,2
16,21,26,1
16,21,22,3
16,21,23,2
16,22,22,3
16,22,23,2
16,22,24,2
16,22,25,3
16,22,26,4
16,22,28,1
16,23,26,3
16,23,28,1
16,24,26,5
16,25,25,1
16,25,26,2
16,25,28,1
17,1,1,253
17,1,2,1966
17,1,3,12777
17,1,4,3898
17,1,5,523
17,1,6,52
17,1,7,8
17,2,2,24830
17,2,3,177345
17,2,4,34992
17,2,5,4460
17,2,6,355
17,2,7,36
17,2,9,1
17,3,3,1043113
17,3,4,218571
17,3,5,31233
17,3,6,2211
17,3,7,219
17,3,8,16
17,3,9,1
17,4,4,838479
17,4,5,145491
17,4,6,12434
17,4,7,1181
17,4,8,140
17,4,9,14
17,5,5,419449
17,5,6,48913
17,5,7,5934
17,5,8,763
17,5,9,68
17,5,10,11
17,5,11,1
17,6,6,108026
17,6,7,19985
17,6,8,3429
17,6,9,347
17,6,10,46
17,6,11,4
17,7,7,39067
17,7,8,10728
17,7,9,1511
17,7,10,229
17,7,11,38
17,7,12,6
17,8,8,17309
17,8,9,4224
17,8,10,938
17,8,11,123
17,8,12,27
17,8,13,4
17,9,9,5924
17,9,10,2282
17,9,11,395
17,9,12,106
17,9,13,23
17,9,14,2
17,9,15,2
17,9,16,1
17,9,17,1
17,10,10,2935
17,10,11,783
17,10,12,338
17,10,13,83
17,10,14,20
17,10,15,3
17,11,11,672
17,11,12,640
17,11,13,228
17,11,14,72
17,11,15,22
17,11,16,1
17,11,17,1
17,12,12,536
17,12,13,388
17,12,14,166
17,12,15,46
17,12,16,13
17,12,17,4
17,13,16,23
17,13,17,5
17,13,13,264
17,13,14,234
17,13,15,110
17,14,14,172
17,14,15,169
17,14,16,36
17,14,17,16
17,14,18,2
17,14,20,1
17,15,15,83
17,15,16,77
17,15,17,46
17,15,18,2
17,15,19,4
17,15,20,2
17,16,16,39
17,16,17,47
17,16,18,2
17,16,19,4
17,16,20,3
17,17,17,33
17,17,18,4
17,17,19,8
17,17,20,7
17,17,22,2
17,17,24,1
17,18,24,1
17,18,19,3
17,18,20,14
17,19,24,2
17,19,19,2
17,19,20,13
17,19,22,2
17,19,23,1
17,20,20,5
17,20,22,2
17,21,24,4
17,22,24,2
18,1,1,231
18,1,2,1760
18,1,3,13089
18,1,4,3713
18,1,5,653
18,1,6,51
18,1,7,2
18,2,2,21460
18,2,3,181847
18,2,4,35747
18,2,5,5139
18,2,6,393
18,2,7,17
18,2,8,3
18,3,3,1052474
18,3,4,228412
18,3,5,33461
18,3,6,2443
18,3,7,148
18,3,8,14
18,3,9,2
18,4,4,886568
18,4,5,152504
18,4,6,12513
18,4,7,1115
18,4,8,99
18,4,9,21
18,4,10,2
18,5,5,428184
18,5,6,47191
18,5,7,5334
18,5,8,624
18,5,9,95
18,5,10,4
18,5,11,2
18,6,6,98437
18,6,7,19105
18,6,8,3117
18,6,9,459
18,6,10,39
18,6,11,8
18,6,12,3
18,6,13,1
18,7,7,35704
18,7,8,9410
18,7,9,1933
18,7,10,211
18,7,11,29
18,7,12,15
18,8,8,13994
18,8,9,4958
18,8,10,799
18,8,11,136
18,8,12,39
18,8,13,10
18,9,9,6728
18,9,10,1926
18,9,11,353
18,9,12,152
18,9,13,23
18,9,14,6
18,10,10,2272
18,10,11,635
18,10,12,408
18,10,13,108
18,10,14,23
18,10,15,5
18,11,11,548
18,11,12,683
18,11,13,263
18,11,14,82
18,11,15,7
18,12,16,2
18,12,12,411
18,12,13,421
18,12,14,241
18,12,15,21
18,13,13,302
18,13,14,346
18,13,15,52
18,13,16,10
18,13,17,7
18,13,18,1
18,14,14,248
18,14,15,65
18,14,16,22
18,14,17,20
18,14,18,2
18,14,19,3
18,15,15,40
18,15,16,26
18,15,17,21
18,15,18,6
18,15,19,7
18,15,20,1
18,16,16,6
18,16,17,23
18,16,18,20
18,16,19,17
18,16,23,1
18,17,17,20
18,17,18,20
18,17,19,35
18,17,20,3
18,17,21,2
18,17,23,1
18,18,18,6
18,18,19,27
18,18,20,2
18,18,21,3
18,18,22,1
18,19,19,2
18,19,20,4
18,19,21,5
18,19,22,1
18,19,23,3
18,20,23,7
18,21,22,3
18,21,23,3
18,22,25,1
18,22,22,1
18,22,23,6
18,23,25,1
18,23,26,1
18,24,25,1
18,25,28,2
18,26,28,1
18,26,30,1
19,1,1,253
19,1,2,1936
19,1,3,13059
19,1,4,3625
19,1,5,543
19,1,6,45
19,1,7,4
19,1,8,1
19,2,2,24629
19,2,3,180729
19,2,4,34633
19,2,5,4671
19,2,6,323
19,2,7,34
19,2,8,1
19,2,11,1
19,3,3,1052043
19,3,4,221953
19,3,5,31874
19,3,6,2308
19,3,7,189
19,3,8,16
19,3,9,1
19,3,10,1
19,4,4,862540
19,4,5,147705
19,4,6,12801
19,4,7,1274
19,4,8,95
19,4,9,11
19,4,10,2
19,4,11,1
19,5,5,401110
19,5,6,49289
19,5,7,6058
19,5,8,561
19,5,9,52
19,5,10,9
19,5,11,2
19,6,6,101987
19,6,7,20350
19,6,8,2483
19,6,9,354
19,6,10,36
19,6,11,12
19,6,12,3
19,7,7,38521
19,7,8,7367
19,7,9,1469
19,7,10,264
19,7,11,49
19,7,12,13
19,7,13,1
19,8,8,11842
19,8,9,3986
19,8,10,1055
19,8,11,232
19,8,12,64
19,8,13,5
19,8,14,1
19,9,9,4858
19,9,10,2614
19,9,11,718
19,9,12,241
19,9,13,17
19,9,14,5
19,9,15,2
19,10,10,2805
19,10,11,1442
19,10,12,624
19,10,13,77
19,10,14,17
19,10,15,1
19,10,16,1
19,11,11,1284
19,11,12,883
19,11,13,220
19,11,14,83
19,11,15,3
19,11,16,3
19,12,12,657
19,12,13,394
19,12,14,187
19,12,15,27
19,12,16,17
19,12,17,1
19,13,16,58
19,13,17,3
19,13,13,321
19,13,14,256
19,13,15,55
19,14,16,106
19,14,17,17
19,14,18,1
19,14,14,192
19,14,15,68
19,15,16,84
19,15,17,32
19,15,18,5
19,15,19,4
19,15,15,54
19,16,16,31
19,16,17,38
19,16,18,8
19,16,19,9
19,16,20,2
19,17,17,29
19,17,18,6
19,17,19,20
19,17,20,9
19,17,21,1
19,18,18,1
19,18,19,19
19,18,20,7
19,18,21,1
19,18,22,1
19,18,23,1
19,18,24,2
19,19,19,3
19,19,20,6
19,19,22,3
19,19,23,2
19,19,24,6
19,19,26,1
19,20,24,3
19,20,20,4
19,20,21,1
19,20,22,4
19,20,23,4
19,21,24,8
19,21,22,1
19,21,23,4
19,22,24,8
19,22,22,1
19,22,23,4
19,23,24,1
19,24,26,2
19,24,28,2
19,25,28,1
20,1,1,253
20,1,2,2015
20,1,3,12709
20,1,4,3513
20,1,5,491
20,1,6,57
20,1,7,5
20,2,2,25013
20,2,3,177061
20,2,4,33092
20,2,5,4623
20,2,6,454
20,2,7,26
20,2,8,1
20,3,3,1030933
20,3,4,214055
20,3,5,31697
20,3,6,2730
20,3,7,186
20,3,8,16
20,4,4,830525
20,4,5,150181
20,4,6,14544
20,4,7,1199
20,4,8,109
20,4,9,10
20,4,10,1
20,5,5,434063
20,5,6,54798
20,5,7,5999
20,5,8,568
20,5,9,72
20,5,10,5
20,6,6,116222
20,6,7,20746
20,6,8,2520
20,6,9,346
20,6,10,31
20,6,11,14
20,6,12,1
20,7,7,39735
20,7,8,7199
20,7,9,1474
20,7,10,170
20,7,11,54
20,7,12,8
20,8,8,10497
20,8,9,4013
20,8,10,628
20,8,11,221
20,8,12,51
20,8,13,3
20,8,14,2
20,9,9,5260
20,9,10,1360
20,9,11,706
20,9,12,159
20,9,13,22
20,9,14,5
20,10,10,1460
20,10,11,1680
20,10,12,504
20,10,13,85
20,10,14,31
20,10,15,2
20,10,16,1
20,11,11,1790
20,11,12,900
20,11,13,177
20,11,14,94
20,11,15,11
20,11,16,5
20,12,12,792
20,12,13,357
20,12,14,196
20,12,15,23
20,12,16,27
20,12,18,2
20,13,13,259
20,13,14,300
20,13,15,70
20,13,16,72
20,13,17,4
20,13,18,1
20,13,20,1
20,14,14,192
20,14,15,112
20,14,16,126
20,14,17,10
20,14,18,5
20,14,19,1
20,14,20,2
20,15,15,58
20,15,16,163
20,15,17,12
20,15,18,11
20,15,19,2
20,15,20,1
20,15,21,1
20,16,16,71
20,16,17,15
20,16,18,17
20,16,21,2
20,17,17,4
20,17,18,16
20,17,19,3
20,17,21,3
20,18,25,1
20,18,18,3
20,18,20,5
20,18,21,5
20,18,22,1
20,19,20,1
20,19,21,5
20,20,25,1
20,20,21,4
20,21,25,5
20,21,26,1
20,21,21,1
20,22,25,5
20,23,25,2
20,23,28,1
20,24,25,1
20,24,28,2
20,26,30,1
20,26,31,2
20,28,31,1
21,1,1,276
21,1,2,2018
21,1,3,13458
21,1,4,3692
21,1,5,492
21,1,6,54
21,1,7,3
21,1,9,1
21,2,2,25712
21,2,3,186445
21,2,4,33294
21,2,5,4400
21,2,6,403
21,2,7,22
21,2,8,6
21,3,3,1079297
21,3,4,208493
21,3,5,30391
21,3,6,2520
21,3,7,169
21,3,8,9
21,3,9,3
21,4,4,796367
21,4,5,147835
21,4,6,13876
21,4,7,1009
21,4,8,114
21,4,9,9
21,5,5,415847
21,5,6,50452
21,5,7,5783
21,5,8,733
21,5,9,73
21,5,10,11
21,5,12,1
21,6,6,107040
21,6,7,21308
21,6,8,3253
21,6,9,419
21,6,10,51
21,6,11,10
21,6,12,3
21,7,7,42582
21,7,8,10337
21,7,9,1916
21,7,10,255
21,7,11,40
21,7,12,4
21,8,8,15929
21,8,9,4709
21,8,10,934
21,8,11,193
21,8,12,24
21,8,13,1
21,8,14,1
21,9,9,6073
21,9,10,2224
21,9,11,616
21,9,12,106
21,9,13,16
21,9,14,5
21,9,16,1
21,10,10,2520
21,10,11,1221
21,10,12,321
21,10,13,42
21,10,14,12
21,10,15,4
21,11,11,1160
21,11,12,595
21,11,13,142
21,11,14,64
21,11,15,4
21,11,16,2
21,11,18,1
21,12,12,486
21,12,13,217
21,12,14,137
21,12,15,17
21,12,16,21
21,12,17,1
21,13,13,177
21,13,14,165
21,13,15,42
21,13,16,39
21,13,17,3
21,13,18,1
21,14,14,112
21,14,15,46
21,14,16,77
21,14,17,6
21,14,18,3
21,14,19,2
21,14,20,1
21,15,16,90
21,15,17,26
21,15,18,7
21,15,19,5
21,15,15,40
21,16,16,70
21,16,17,17
21,16,18,9
21,16,19,4
21,16,21,1
21,17,17,2
21,17,18,11
21,17,19,7
21,17,21,1
21,17,22,1
21,18,18,4
21,18,19,3
21,18,20,2
21,18,21,2
21,18,22,1
21,19,20,2
21,19,21,4
21,19,22,1
21,19,23,5
21,20,20,1
21,20,21,1
21,20,22,2
21,20,23,8
21,20,25,1
21,20,26,1
21,21,24,2
21,21,25,2
21,21,21,1
21,21,22,1
21,21,23,6
21,22,24,1
21,22,25,1
21,22,26,1
21,22,23,1
21,23,24,2
21,23,25,3
21,23,23,1
21,24,24,1
21,24,25,2
21,24,26,1
21,25,25,1
21,25,27,1
22,1,1,435
22,1,2,1803
22,1,3,13557
22,1,4,3583
22,1,5,554
22,1,6,48
22,1,7,3
22,2,2,22287
22,2,3,188318
22,2,4,32976
22,2,5,4487
22,2,6,278
22,2,7,26
22,2,8,1
22,2,10,1
22,3,3,1093370
22,3,4,207139
22,3,5,30229
22,3,6,2106
22,3,7,151
22,3,8,22
22,3,9,2
22,4,4,812633
22,4,5,144858
22,4,6,11506
22,4,7,1008
22,4,8,109
22,4,9,14
22,4,10,1
22,5,5,411200
22,5,6,44906
22,5,7,5609
22,5,8,644
22,5,9,89
22,5,10,14
22,5,11,1
22,6,6,96559
22,6,7,20856
22,6,8,2737
22,6,9,476
22,6,10,54
22,6,11,11
22,7,7,38413
22,7,8,8507
22,7,9,2066
22,7,10,308
22,7,11,39
22,7,12,2
22,8,8,13631
22,8,9,5564
22,8,10,961
22,8,11,166
22,8,12,32
22,8,13,8
22,9,9,7720
22,9,10,2154
22,9,11,556
22,9,12,86
22,9,13,24
22,10,10,2393
22,10,11,1090
22,10,12,300
22,10,13,125
22,10,14,15
22,10,15,4
22,11,11,987
22,11,12,584
22,11,13,254
22,11,14,53
22,11,15,14
22,11,16,3
22,11,17,2
22,12,12,536
22,12,13,461
22,12,14,97
22,12,15,50
22,12,16,13
22,12,17,5
22,13,13,304
22,13,14,160
22,13,15,117
22,13,16,18
22,13,17,14
22,13,18,2
22,13,19,1
22,14,14,81
22,14,15,119
22,14,16,54
22,14,17,23
22,14,18,7
22,14,19,1
22,15,16,81
22,15,17,72
22,15,18,21
22,15,19,8
22,15,15,47
22,16,16,41
22,16,17,66
22,16,18,42
22,16,19,7
22,16,20,4
22,17,17,28
22,17,18,59
22,17,19,15
22,17,20,1
22,17,21,8
22,17,22,1
22,17,23,1
22,18,18,22
22,18,19,10
22,18,20,6
22,18,21,20
22,18,22,3
22,19,19,3
22,19,20,4
22,19,21,19
22,19,22,7
22,20,25,2
22,20,21,4
22,20,22,7
22,21,21,4
22,21,22,9
22,22,25,4
22,22,30,1
22,22,22,1
22,23,24,1
22,23,25,3
22,23,29,1
22,23,30,1
22,24,25,1
22,24,26,1
22,24,30,1
22,25,29,1
22,26,29,1
22,26,30,2
22,27,30,1
22,28,30,2
22,29,30,1
22,30,30,1
23,1,1,276
23,1,2,1831
23,1,3,13275
23,1,4,3512
23,1,5,608
23,1,6,54
23,1,7,3
23,2,2,21822
23,2,3,182613
23,2,4,32528
23,2,5,4773
23,2,6,375
23,2,7,8
23,2,8,2
23,3,3,1072140
23,3,4,214125
23,3,5,32215
23,3,6,2506
23,3,7,137
23,3,8,11
23,3,9,2
23,4,4,851705
23,4,5,152653
23,4,6,13554
23,4,7,910
23,4,8,94
23,4,9,12
23,4,10,1
23,5,5,427467
23,5,6,51445
23,5,7,4568
23,5,8,557
23,5,9,79
23,5,10,14
23,5,12,1
23,6,6,115987
23,6,7,17310
23,6,8,2568
23,6,9,368
23,6,10,57
23,6,11,7
23,7,7,34017
23,7,8,7897
23,7,9,1751
23,7,10,271
23,7,11,35
23,7,12,6
23,7,13,3
23,8,8,12524
23,8,9,5151
23,8,10,950
23,8,11,156
23,8,12,26
23,8,13,8
23,8,14,1
23,9,9,7172
23,9,10,2317
23,9,11,485
23,9,12,112
23,9,13,29
23,9,14,1
23,10,10,2385
23,10,11,1048
23,10,12,366
23,10,13,87
23,10,14,5
23,10,15,1
23,10,16,3
23,11,11,1119
23,11,12,600
23,11,13,217
23,11,14,25
23,11,15,15
23,11,16,6
23,11,17,1
23,12,12,485
23,12,13,390
23,12,14,68
23,12,15,46
23,12,16,29
23,12,17,1
23,13,13,256
23,13,14,94
23,13,15,97
23,13,16,52
23,13,17,2
23,13,18,3
23,13,19,2
23,14,14,59
23,14,15,116
23,14,16,117
23,14,17,15
23,14,18,5
23,14,19,2
23,15,16,110
23,15,17,22
23,15,18,8
23,15,19,3
23,15,15,76
23,16,16,61
23,16,17,17
23,16,18,15
23,16,19,6
23,16,21,1
23,17,17,8
23,17,18,10
23,17,19,14
23,17,20,1
23,18,18,4
23,18,19,7
23,18,20,4
23,19,24,1
23,19,19,2
23,19,20,4
23,19,21,1
23,19,22,1
23,20,24,3
23,20,20,1
23,20,23,1
23,21,21,1
23,21,22,2
23,21,23,1
23,21,24,6
23,21,25,1
23,21,26,1
23,22,24,8
23,22,23,1
23,23,24,3
23,23,26,1
23,24,26,2
23,25,26,2
23,25,30,1
24,1,1,253
24,1,2,1738
24,1,3,13526
24,1,4,3624
24,1,5,612
24,1,6,33
24,1,7,2
24,2,2,21698
24,2,3,187058
24,2,4,34194
24,2,5,4901
24,2,6,279
24,2,7,27
24,2,8,2
24,3,3,1078616
24,3,4,221954
24,3,5,32459
24,3,6,1953
24,3,7,179
24,3,8,13
24,3,9,6
24,4,4,874999
24,4,5,149868
24,4,6,10872
24,4,7,1088
24,4,8,87
24,4,9,16
24,4,10,7
24,5,5,407846
24,5,6,41547
24,5,7,5861
24,5,8,485
24,5,9,71
24,5,10,11
24,5,11,2
24,6,6,92469
24,6,7,21032
24,6,8,2442
24,6,9,431
24,6,10,73
24,6,11,11
24,7,7,40817
24,7,8,8159
24,7,9,1593
24,7,10,319
24,7,11,30
24,7,12,5
24,8,8,12902
24,8,9,4258
24,8,10,1033
24,8,11,174
24,8,12,24
24,8,13,4
24,8,14,1
24,9,9,5406
24,9,10,2488
24,9,11,597
24,9,12,100
24,9,13,32
24,9,14,5
24,9,15,2
24,9,16,1
24,10,10,2510
24,10,11,1259
24,10,12,335
24,10,13,92
24,10,14,18
24,10,16,2
24,11,11,1087
24,11,12,668
24,11,13,316
24,11,14,53
24,11,15,11
24,11,16,11
24,12,12,638
24,12,13,620
24,12,14,115
24,12,15,22
24,12,16,23
24,12,17,3
24,12,18,1
24,13,13,476
24,13,14,190
24,13,15,69
24,13,16,64
24,13,17,10
24,13,18,1
24,14,14,146
24,14,15,124
24,14,16,103
24,14,17,16
24,14,18,9
24,14,21,1
24,15,15,72
24,15,16,104
24,15,17,44
24,15,18,12
24,15,19,2
24,15,20,1
24,16,16,43
24,16,17,41
24,16,18,12
24,16,19,4
24,16,20,1
24,16,22,1
24,17,17,22
24,17,18,12
24,17,19,4
24,17,20,4
24,17,21,1
24,17,22,2
24,18,18,8
24,18,19,9
24,18,20,6
24,18,21,6
24,18,22,5
24,18,23,1
24,19,24,1
24,19,19,2
24,19,20,8
24,19,21,4
24,19,22,3
24,20,25,1
24,20,20,1
24,20,21,1
24,20,22,3
24,20,23,1
24,21,26,1
24,21,21,2
24,21,22,6
24,21,23,1
24,22,25,1
24,22,22,1
24,22,23,2
24,23,25,1
24,23,26,1
24,23,23,1
24,24,28,1
24,25,26,1
25,1,1,136
25,1,2,1880
25,1,3,12331
25,1,4,3677
25,1,5,597
25,1,6,38
25,1,7,3
25,2,2,23320
25,2,3,171551
25,2,4,35445
25,2,5,4785
25,2,6,260
25,2,7,36
25,2,8,3
25,3,3,1005771
25,3,4,225321
25,3,5,32661
25,3,6,1922
25,3,7,208
25,3,8,15
25,3,9,2
25,3,10,2
25,4,4,880898
25,4,5,154034
25,4,6,10948
25,4,7,1199
25,4,8,104
25,4,9,11
25,4,10,1
25,5,5,437926
25,5,6,41941
25,5,7,6075
25,5,8,662
25,5,9,75
25,5,10,6
25,5,11,2
25,6,6,94222
25,6,7,21126
25,6,8,3164
25,6,9,376
25,6,10,47
25,6,11,8
25,6,12,1
25,7,7,41478
25,7,8,10592
25,7,9,1612
25,7,10,206
25,7,11,36
25,7,12,6
25,7,13,2
25,8,8,16835
25,8,9,4354
25,8,10,786
25,8,11,194
25,8,12,50
25,8,13,6
25,8,14,1
25,9,9,5660
25,9,10,2049
25,9,11,607
25,9,12,160
25,9,13,29
25,9,14,4
25,10,10,2363
25,10,11,1255
25,10,12,416
25,10,13,93
25,10,14,15
25,11,11,1301
25,11,12,778
25,11,13,252
25,11,14,36
25,11,15,11
25,11,16,5
25,11,17,1
25,12,12,669
25,12,13,403
25,12,14,110
25,12,15,24
25,12,16,10
25,12,17,1
25,13,13,250
25,13,14,174
25,13,15,59
25,13,16,36
25,13,17,2
25,13,18,1
25,14,14,125
25,14,15,93
25,14,16,94
25,14,17,6
25,14,18,3
25,14,20,1
25,15,15,44
25,15,16,105
25,15,17,15
25,15,18,19
25,15,19,7
25,15,20,2
25,16,16,75
25,16,17,18
25,16,18,19
25,16,19,6
25,16,20,6
25,16,21,1
25,17,17,12
25,17,18,18
25,17,19,12
25,17,20,15
25,17,21,1
25,18,18,6
25,18,19,11
25,18,20,16
25,18,21,3
25,18,22,2
25,19,24,1
25,19,19,9
25,19,20,11
25,19,21,1
25,19,22,3
25,20,20,4
25,20,22,1
25,21,24,1
25,22,24,1
25,23,24,1
25,23,28,1
25,24,24,2
26,1,1,276
26,1,2,1855
26,1,3,12808
26,1,4,3545
26,1,5,579
26,1,6,56
26,1,7,2
26,2,2,23121
26,2,3,177939
26,2,4,32861
26,2,5,4644
26,2,6,391
26,2,7,17
26,3,3,1051929
26,3,4,207678
26,3,5,32346
26,3,6,2575
26,3,7,176
26,3,8,20
26,3,9,2
26,4,4,812247
26,4,5,155113
26,4,6,13306
26,4,7,1044
26,4,8,111
26,4,9,10
26,5,5,437321
26,5,6,50858
26,5,7,5660
26,5,8,723
26,5,9,78
26,5,10,12
26,5,11,2
26,6,6,105980
26,6,7,20307
26,6,8,3297
26,6,9,347
26,6,10,60
26,6,11,7
26,6,12,2
26,6,13,1
26,7,7,39589
26,7,8,10298
26,7,9,1515
26,7,10,251
26,7,11,51
26,7,12,4
26,8,8,16179
26,8,9,4047
26,8,10,955
26,8,11,271
26,8,12,38
26,8,13,6
26,9,9,5326
26,9,10,2201
26,9,11,752
26,9,12,135
26,9,13,20
26,9,14,3
26,10,10,2626
26,10,11,1576
26,10,12,354
26,10,13,74
26,10,14,19
26,10,15,1
26,11,11,1527
26,11,12,611
26,11,13,218
26,11,14,42
26,11,15,13
26,11,17,2
26,12,12,509
26,12,13,329
26,12,14,85
26,12,15,13
26,12,16,2
26,12,17,1
26,12,18,1
26,13,13,213
26,13,14,159
26,13,15,30
26,13,16,23
26,13,17,8
26,13,18,1
26,13,19,1
26,14,14,98
26,14,15,53
26,14,16,49
26,14,17,9
26,14,18,3
26,14,19,3
26,14,20,1
26,15,16,51
26,15,17,25
26,15,18,8
26,15,19,5
26,15,15,26
26,16,16,28
26,16,17,22
26,16,18,15
26,16,19,10
26,16,20,2
26,16,21,1
26,16,22,1
26,17,17,11
26,17,18,10
26,17,19,16
26,17,20,3
26,17,21,1
26,18,18,7
26,18,19,26
26,18,20,2
26,18,21,5
26,18,22,1
26,19,19,5
26,19,20,1
26,19,21,5
26,19,22,1
26,20,20,1
26,20,21,2
26,20,22,2
26,21,21,1
26,21,22,1
26,21,23,1
26,22,24,1
26,22,26,1
26,22,30,1
26,23,24,1
26,23,26,3
26,24,24,1
26,24,26,2
26,25,28,1
26,25,29,1
26,26,29,1
26,26,30,1
26,27,29,1
26,28,30,1
27,1,1,253
27,1,2,1956
27,1,3,12628
27,1,4,3242
27,1,5,600
27,1,6,57
27,1,7,5
27,2,2,23469
27,2,3,175639
27,2,4,30697
27,2,5,4783
27,2,6,341
27,2,7,26
27,2,8,5
27,3,3,1024636
27,3,4,199014
27,3,5,31301
27,3,6,2256
27,3,7,204
27,3,8,21
27,3,9,3
27,4,4,804567
27,4,5,151263
27,4,6,12010
27,4,7,1245
27,4,8,137
27,4,9,14
27,4,10,2
27,4,11,2
27,5,5,433108
27,5,6,47695
27,5,7,6379
27,5,8,916
27,5,9,83
27,5,10,9
27,5,11,1
27,6,6,107877
27,6,7,23131
27,6,8,3810
27,6,9,414
27,6,10,71
27,6,11,4
27,7,7,43701
27,7,8,12258
27,7,9,1642
27,7,10,262
27,7,11,31
27,7,12,7
27,8,8,19709
27,8,9,4144
27,8,10,978
27,8,11,151
27,8,12,37
27,8,13,1
27,8,14,2
27,9,9,4726
27,9,10,2501
27,9,11,615
27,9,12,133
27,9,13,10
27,9,14,4
27,9,16,1
27,10,10,2847
27,10,11,1201
27,10,12,330
27,10,13,48
27,10,14,11
27,10,15,5
27,11,11,1235
27,11,12,611
27,11,13,170
27,11,14,57
27,11,15,9
27,11,16,2
27,12,16,7
27,12,12,478
27,12,13,283
27,12,14,182
27,12,15,58
27,13,16,15
27,13,13,268
27,13,14,240
27,13,15,143
27,14,16,35
27,14,18,2
27,14,14,134
27,14,15,171
27,15,15,79
27,15,16,33
27,15,17,8
27,15,18,10
27,15,19,2
27,15,21,2
27,16,16,12
27,16,17,6
27,16,18,16
27,16,19,6
27,16,21,4
27,17,17,1
27,17,18,11
27,17,19,8
27,17,20,2
27,17,21,4
27,18,18,6
27,18,19,5
27,18,20,3
27,18,21,7
27,19,19,7
27,19,20,1
27,19,21,9
27,19,22,2
27,19,23,1
27,19,24,1
27,19,26,1
27,20,24,5
27,20,26,1
27,20,21,15
27,21,24,6
27,21,26,5
27,21,21,4
27,21,22,1
27,22,24,3
27,22,25,1
27,22,26,1
27,23,25,1
27,23,26,2
27,24,25,1
27,24,26,5
27,24,27,1
28,1,1,231
28,1,2,1961
28,1,3,13139
28,1,4,3815
28,1,5,537
28,1,6,39
28,1,7,9
28,2,2,23690
28,2,3,182142
28,2,4,34375
28,2,5,4379
28,2,6,297
28,2,7,33
28,2,8,3
28,3,3,1077529
28,3,4,218365
28,3,5,30278
28,3,6,2191
28,3,7,194
28,3,8,13
28,3,9,2
28,4,4,857223
28,4,5,140769
28,4,6,11870
28,4,7,1126
28,4,8,82
28,4,9,6
28,4,10,3
28,5,5,397022
28,5,6,44947
28,5,7,5733
28,5,8,639
28,5,9,80
28,5,10,10
28,5,11,1
28,6,6,92181
28,6,7,20987
28,6,8,2944
28,6,9,470
28,6,10,49
28,6,11,7
28,7,7,42043
28,7,8,9115
28,7,9,1758
28,7,10,279
28,7,11,59
28,7,12,4
28,7,13,1
28,7,14,1
28,8,8,14232
28,8,9,4671
28,8,10,990
28,8,11,280
28,8,12,25
28,8,13,2
28,9,9,6874
28,9,10,2386
28,9,11,806
28,9,12,91
28,9,13,12
28,9,14,8
28,9,15,1
28,10,10,2724
28,10,11,1706
28,10,12,306
28,10,13,30
28,10,14,19
28,10,15,10
28,10,16,1
28,11,11,1606
28,11,12,534
28,11,13,120
28,11,14,57
28,11,15,17
28,11,16,5
28,12,12,418
28,12,13,236
28,12,14,158
28,12,15,50
28,12,16,6
28,12,17,3
28,12,18,1
28,12,19,1
28,13,13,194
28,13,14,208
28,13,15,125
28,13,16,22
28,13,17,7
28,13,18,3
28,13,19,1
28,14,14,110
28,14,15,170
28,14,16,42
28,14,17,24
28,14,18,13
28,14,20,1
28,15,16,67
28,15,17,42
28,15,18,25
28,15,19,1
28,15,15,62
28,16,16,28
28,16,17,66
28,16,18,50
28,16,19,5
28,16,20,1
28,16,21,4
28,17,17,29
28,17,18,33
28,17,19,5
28,17,21,3
28,18,18,11
28,18,19,2
28,18,20,4
28,18,21,14
28,19,24,1
28,19,20,5
28,19,21,16
28,20,20,4
28,20,21,8
28,20,22,1
28,20,23,3
28,21,27,1
28,21,22,1
28,21,23,3
28,22,22,1
28,22,23,3
28,23,26,1
28,23,30,2
28,23,23,1
28,24,30,1
28,26,28,1
28,28,34,1
29,1,1,190
29,1,2,1857
29,1,3,13210
29,1,4,3547
29,1,5,633
29,1,6,32
29,1,7,6
29,1,8,1
29,1,10,1
29,2,2,23119
29,2,3,183119
29,2,4,31696
29,2,5,5429
29,2,6,313
29,2,7,25
29,2,8,1
29,3,3,1076481
29,3,4,205974
29,3,5,35670
29,3,6,2062
29,3,7,171
29,3,8,10
29,3,9,2
29,4,4,826774
29,4,5,161652
29,4,6,11435
29,4,7,1168
29,4,8,116
29,4,9,13
29,4,10,1
29,5,5,437894
29,5,6,44911
29,5,7,5784
29,5,8,624
29,5,9,80
29,5,10,8
29,6,6,100013
29,6,7,20483
29,6,8,2746
29,6,9,377
29,6,10,43
29,6,11,7
29,6,12,3
29,7,7,40628
29,7,8,8568
29,7,9,1706
29,7,10,217
29,7,11,30
29,7,12,6
29,7,13,1
29,8,8,13359
29,8,9,4358
29,8,10,774
29,8,11,148
29,8,12,19
29,8,13,5
29,8,14,3
29,9,9,5399
29,9,10,1732
29,9,11,469
29,9,12,108
29,9,13,15
29,9,14,5
29,10,10,1784
29,10,11,1110
29,10,12,267
29,10,13,74
29,10,14,20
29,10,15,4
29,10,16,2
29,11,11,1086
29,11,12,521
29,11,13,190
29,11,14,76
29,11,15,23
29,11,16,6
29,11,17,2
29,12,12,507
29,12,13,365
29,12,14,176
29,12,15,51
29,12,16,20
29,12,17,3
29,13,13,296
29,13,14,304
29,13,15,128
29,13,16,68
29,13,17,6
29,13,18,1
29,13,19,2
29,14,14,196
29,14,15,200
29,14,16,133
29,14,17,28
29,14,18,3
29,14,20,1
29,15,16,136
29,15,17,51
29,15,18,1
29,15,19,6
29,15,15,90
29,16,16,70
29,16,17,31
29,16,18,6
29,16,19,8
29,16,20,4
29,17,17,15
29,17,18,7
29,17,19,13
29,17,20,2
29,17,21,2
29,18,18,3
29,18,19,11
29,18,20,9
29,18,21,7
29,18,22,3
29,18,23,2
29,19,19,5
29,19,20,5
29,19,21,5
29,19,22,3
29,19,23,3
29,20,24,1
29,20,21,1
29,20,22,7
29,20,23,2
29,21,27,1
29,21,22,2
29,21,23,3
29,22,27,1
29,22,23,5
29,24,27,2
29,25,27,1
29,26,27,1
29,27,28,1
29,33,39,1
