lexicon,lev, length_count, neighbors
real,1,1,6
real,1,2,1067
real,1,3,11138
real,1,4,5187
real,1,5,978
real,1,6,111
real,1,7,19
real,1,8,2
real,2,2,10409
real,2,3,147601
real,2,4,48441
real,2,5,7858
real,2,6,664
real,2,7,57
real,2,8,11
real,3,3,814971
real,3,4,314160
real,3,5,49789
real,3,6,4499
real,3,7,421
real,3,8,29
real,3,9,2
real,4,4,1316742
real,4,5,226051
real,4,6,24411
real,4,7,2259
real,4,8,131
real,4,9,5
real,4,10,1
real,5,5,593799
real,5,6,91068
real,5,7,10398
real,5,8,580
real,5,9,14
real,5,10,1
real,6,8,2259
real,6,9,87
real,6,10,4
real,6,6,183837
real,6,7,32342
real,7,8,5975
real,7,9,244
real,7,10,12
real,7,11,1
real,7,7,48465
real,8,8,6944
real,8,9,573
real,8,10,61
real,8,11,1
real,9,9,560
real,9,10,106
real,9,11,5
real,10,10,91
real,10,11,8
real,11,11,13
real,11,12,1
0,1,1,6
0,1,2,2083
0,1,3,13921
0,1,4,4116
0,1,5,716
0,1,6,55
0,1,7,4
0,1,8,1
0,1,9,1
0,2,2,25178
0,2,3,191605
0,2,4,38277
0,2,5,5336
0,2,6,375
0,2,7,38
0,2,8,3
0,2,9,1
0,3,3,1104245
0,3,4,244464
0,3,5,34995
0,3,6,2370
0,3,7,215
0,3,8,31
0,3,9,1
0,4,4,944808
0,4,5,154463
0,4,6,12958
0,4,7,1139
0,4,8,147
0,4,9,13
0,4,10,1
0,4,13,1
0,5,5,393645
0,5,6,47251
0,5,7,5595
0,5,8,795
0,5,9,93
0,5,10,14
0,5,11,2
0,5,13,1
0,6,6,94071
0,6,7,18835
0,6,8,3415
0,6,9,436
0,6,10,56
0,6,11,8
0,7,7,32827
0,7,8,8599
0,7,9,1526
0,7,10,205
0,7,11,59
0,7,12,8
0,8,8,11762
0,8,9,3880
0,8,10,741
0,8,11,209
0,8,12,23
0,8,13,7
0,8,14,1
0,8,15,2
0,9,9,4489
0,9,10,1794
0,9,11,704
0,9,12,89
0,9,13,7
0,9,14,7
0,9,15,1
0,10,10,1845
0,10,11,1369
0,10,12,245
0,10,13,26
0,10,14,17
0,10,15,4
0,11,11,1219
0,11,12,397
0,11,13,99
0,11,14,66
0,11,15,13
0,11,16,4
0,12,12,319
0,12,13,185
0,12,14,147
0,12,15,43
0,12,16,9
0,12,17,2
0,12,18,1
0,13,13,170
0,13,14,235
0,13,15,81
0,13,16,25
0,13,17,7
0,13,18,3
0,13,19,1
0,14,14,122
0,14,15,125
0,14,16,36
0,14,17,7
0,14,18,5
0,14,19,2
0,15,16,64
0,15,17,13
0,15,18,13
0,15,19,9
0,15,15,56
0,16,16,33
0,16,17,11
0,16,18,23
0,16,19,12
0,16,20,2
0,16,21,1
0,17,17,5
0,17,18,27
0,17,19,14
0,17,20,5
0,17,21,1
0,17,22,2
0,18,18,19
0,18,19,14
0,18,20,9
0,18,21,2
0,18,22,3
0,19,19,3
0,19,20,10
0,19,21,2
0,20,20,2
0,20,22,2
0,21,24,1
0,21,25,2
0,21,29,1
0,21,22,2
0,21,23,1
0,22,25,1
0,22,22,1
0,29,30,1
0,29,31,1
1,1,1,6
1,1,2,2199
1,1,3,13908
1,1,4,4713
1,1,5,679
1,1,6,52
1,1,7,6
1,1,8,2
1,1,10,1
1,2,2,26242
1,2,3,189632
1,2,4,41583
1,2,5,5301
1,2,6,373
1,2,7,30
1,2,8,5
1,3,3,1077260
1,3,4,256225
1,3,5,34998
1,3,6,2011
1,3,7,186
1,3,8,20
1,3,9,2
1,3,10,1
1,4,4,1015355
1,4,5,152686
1,4,6,10687
1,4,7,1001
1,4,8,112
1,4,9,15
1,4,10,5
1,5,5,377182
1,5,6,38527
1,5,7,5016
1,5,8,671
1,5,9,66
1,5,10,23
1,6,6,79678
1,6,7,17439
1,6,8,2616
1,6,9,396
1,6,10,114
1,6,11,19
1,6,12,1
1,7,7,31268
1,7,8,7528
1,7,9,1454
1,7,10,532
1,7,11,56
1,7,12,2
1,7,13,2
1,8,8,10782
1,8,9,3913
1,8,10,1505
1,8,11,238
1,8,12,25
1,8,13,5
1,8,14,1
1,9,9,4739
1,9,10,3133
1,9,11,702
1,9,12,100
1,9,13,28
1,9,14,4
1,9,15,1
1,10,10,3201
1,10,11,1381
1,10,12,309
1,10,13,111
1,10,14,21
1,10,15,8
1,10,16,1
1,11,11,1432
1,11,12,583
1,11,13,231
1,11,14,37
1,11,15,20
1,11,16,2
1,11,17,1
1,12,12,520
1,12,13,366
1,12,14,100
1,12,15,44
1,12,16,9
1,12,17,7
1,13,16,28
1,13,17,9
1,13,13,247
1,13,14,108
1,13,15,82
1,14,14,54
1,14,15,100
1,14,16,46
1,14,17,20
1,14,18,2
1,14,19,4
1,15,15,45
1,15,16,50
1,15,17,59
1,15,18,7
1,15,19,1
1,15,20,1
1,16,16,17
1,16,17,52
1,16,18,13
1,16,19,14
1,16,20,2
1,16,21,2
1,16,23,1
1,17,17,23
1,17,18,9
1,17,19,14
1,17,20,2
1,17,21,2
1,17,23,1
1,18,18,5
1,18,19,11
1,18,20,6
1,18,21,3
1,18,23,1
1,19,19,1
1,19,20,7
1,19,21,7
1,19,22,2
1,19,23,2
1,20,24,1
1,20,25,1
1,20,20,3
1,20,22,3
1,20,23,8
1,21,24,1
1,21,21,1
1,21,22,1
1,21,23,2
1,22,23,5
1,23,24,1
1,23,23,1
2,1,1,6
2,1,2,1976
2,1,3,13748
2,1,4,4290
2,1,5,793
2,1,6,47
2,1,7,8
2,2,2,23675
2,2,3,186977
2,2,4,39100
2,2,5,5892
2,2,6,316
2,2,7,39
2,2,8,3
2,3,3,1059353
2,3,4,245668
2,3,5,38180
2,3,6,1910
2,3,7,237
2,3,8,30
2,3,9,3
2,4,4,958352
2,4,5,168821
2,4,6,10141
2,4,7,1259
2,4,8,103
2,4,9,19
2,4,10,1
2,5,5,424199
2,5,6,37614
2,5,7,6211
2,5,8,694
2,5,9,119
2,5,10,16
2,5,11,1
2,6,6,74722
2,6,7,20012
2,6,8,3204
2,6,9,574
2,6,10,66
2,6,11,8
2,6,12,1
2,7,7,35424
2,7,8,10204
2,7,9,2346
2,7,10,302
2,7,11,39
2,7,12,7
2,7,13,2
2,8,8,15652
2,8,9,5763
2,8,10,1045
2,8,11,144
2,8,12,17
2,8,13,2
2,8,14,1
2,9,9,6576
2,9,10,2343
2,9,11,562
2,9,12,64
2,9,13,27
2,9,14,3
2,10,10,2332
2,10,11,1135
2,10,12,174
2,10,13,95
2,10,14,11
2,10,15,2
2,10,16,1
2,11,11,961
2,11,12,300
2,11,13,204
2,11,14,26
2,11,15,20
2,11,16,4
2,12,12,257
2,12,13,320
2,12,14,81
2,12,15,27
2,12,16,7
2,12,17,1
2,12,18,1
2,13,13,253
2,13,14,78
2,13,15,84
2,13,16,18
2,13,17,5
2,13,18,1
2,14,14,31
2,14,15,91
2,14,16,41
2,14,17,13
2,14,18,4
2,14,19,1
2,15,16,49
2,15,17,15
2,15,18,11
2,15,20,2
2,15,15,76
2,16,16,16
2,16,17,9
2,16,18,14
2,16,19,1
2,16,20,6
2,17,17,2
2,17,18,13
2,17,19,3
2,17,20,14
2,18,18,1
2,18,19,8
2,18,20,10
2,19,25,1
2,19,19,2
2,19,20,12
2,20,24,1
2,20,25,1
2,20,20,1
2,20,21,1
2,20,22,1
2,21,24,1
2,21,25,2
2,22,25,4
2,22,28,1
2,23,25,2
2,24,24,1
2,29,34,1
3,1,1,6
3,1,2,2170
3,1,3,13842
3,1,4,4044
3,1,5,697
3,1,6,43
3,1,7,1
3,2,2,26510
3,2,3,190971
3,2,4,37402
3,2,5,5413
3,2,6,321
3,2,7,43
3,2,8,3
3,2,9,1
3,3,3,1093653
3,3,4,237865
3,3,5,34649
3,3,6,2188
3,3,7,204
3,3,8,27
3,3,9,5
3,3,10,1
3,3,11,1
3,4,4,939830
3,4,5,149305
3,4,6,11353
3,4,7,1183
3,4,8,156
3,4,9,28
3,4,10,1
3,4,11,1
3,5,5,383992
3,5,6,42955
3,5,7,6070
3,5,8,938
3,5,9,138
3,5,10,10
3,6,6,88131
3,6,7,20717
3,6,8,3886
3,6,9,617
3,6,10,57
3,6,11,4
3,7,7,36043
3,7,8,11094
3,7,9,2397
3,7,10,274
3,7,11,34
3,7,12,1
3,7,13,3
3,7,14,1
3,8,8,14772
3,8,9,5923
3,8,10,945
3,8,11,100
3,8,12,19
3,8,13,3
3,8,14,1
3,9,9,7181
3,9,10,1911
3,9,11,345
3,9,12,78
3,9,13,16
3,9,14,5
3,9,15,1
3,10,10,2261
3,10,11,716
3,10,12,242
3,10,13,65
3,10,14,17
3,10,15,4
3,11,11,690
3,11,12,396
3,11,13,176
3,11,14,52
3,11,15,3
3,11,18,1
3,12,16,4
3,12,12,345
3,12,13,280
3,12,14,104
3,12,15,33
3,13,16,6
3,13,17,4
3,13,13,198
3,13,14,167
3,13,15,69
3,14,14,88
3,14,15,56
3,14,16,17
3,14,17,11
3,14,18,3
3,14,19,8
3,15,15,24
3,15,16,20
3,15,17,31
3,15,18,6
3,15,19,19
3,15,20,1
3,16,16,8
3,16,17,14
3,16,18,12
3,16,19,13
3,16,20,6
3,17,17,6
3,17,18,9
3,17,19,23
3,17,20,4
3,17,22,1
3,18,18,5
3,18,19,21
3,18,20,9
3,18,21,2
3,18,22,1
3,18,23,1
3,19,25,1
3,19,19,7
3,19,21,1
3,19,22,5
3,19,23,4
3,20,20,1
3,20,21,3
3,20,22,2
3,20,23,1
3,21,25,1
3,21,22,1
3,21,23,1
3,22,25,1
3,22,23,2
3,23,23,1
3,24,26,1
4,1,1,6
4,1,2,2130
4,1,3,14346
4,1,4,4455
4,1,5,718
4,1,6,60
4,1,7,6
4,1,8,1
4,2,2,25600
4,2,3,198083
4,2,4,39797
4,2,5,4977
4,2,6,432
4,2,7,28
4,2,8,2
4,2,9,1
4,3,3,1141406
4,3,4,253323
4,3,5,33158
4,3,6,2577
4,3,7,197
4,3,8,27
4,4,4,996061
4,4,5,151011
4,4,6,12601
4,4,7,1239
4,4,8,126
4,4,9,11
4,4,10,3
4,5,5,377781
4,5,6,43749
4,5,7,5680
4,5,8,617
4,5,9,52
4,5,10,12
4,5,11,3
4,6,6,81296
4,6,7,19474
4,6,8,2576
4,6,9,355
4,6,10,74
4,6,11,12
4,6,12,1
4,7,7,34451
4,7,8,7731
4,7,9,1332
4,7,10,362
4,7,11,53
4,7,12,2
4,7,13,2
4,7,14,1
4,8,8,11498
4,8,9,3371
4,8,10,978
4,8,11,226
4,8,12,20
4,8,13,4
4,8,14,2
4,9,9,3923
4,9,10,2154
4,9,11,737
4,9,12,110
4,9,13,15
4,9,14,9
4,10,10,1982
4,10,11,1420
4,10,12,303
4,10,13,54
4,10,14,32
4,10,15,2
4,10,16,1
4,11,11,1204
4,11,12,566
4,11,13,181
4,11,14,102
4,11,15,12
4,11,16,4
4,12,12,376
4,12,13,225
4,12,14,202
4,12,15,18
4,12,16,5
4,12,18,1
4,13,13,185
4,13,14,235
4,13,15,59
4,13,16,19
4,13,17,3
4,13,18,2
4,14,14,120
4,14,15,61
4,14,16,19
4,14,17,15
4,14,18,7
4,14,19,2
4,14,20,1
4,15,16,32
4,15,17,15
4,15,18,13
4,15,20,1
4,15,15,38
4,16,16,11
4,16,17,18
4,16,18,35
4,16,19,6
4,16,20,3
4,17,17,4
4,17,18,22
4,17,19,10
4,17,20,8
4,18,18,11
4,18,19,7
4,18,20,6
4,18,21,1
4,18,22,1
4,19,19,3
4,19,20,8
4,20,20,1
4,22,23,1
5,1,1,6
5,1,2,2148
5,1,3,13416
5,1,4,4634
5,1,5,682
5,1,6,54
5,1,7,8
5,1,8,1
5,2,2,25818
5,2,3,184059
5,2,4,41842
5,2,5,5397
5,2,6,408
5,2,7,43
5,2,8,3
5,2,9,1
5,3,3,1059430
5,3,4,261172
5,3,5,36039
5,3,6,2494
5,3,7,260
5,3,8,20
5,3,9,1
5,4,4,1003742
5,4,5,154688
5,4,6,13513
5,4,7,1310
5,4,8,97
5,4,9,14
5,4,10,2
5,5,5,390180
5,5,6,49981
5,5,7,6116
5,5,8,591
5,5,9,85
5,5,10,14
5,5,11,1
5,6,6,99726
5,6,7,19364
5,6,8,2525
5,6,9,392
5,6,10,57
5,6,11,8
5,6,12,2
5,7,7,32930
5,7,8,7102
5,7,9,1619
5,7,10,250
5,7,11,37
5,7,12,5
5,7,13,1
5,8,8,9761
5,8,9,3819
5,8,10,839
5,8,11,121
5,8,12,30
5,8,13,4
5,8,14,1
5,9,9,4947
5,9,10,1746
5,9,11,460
5,9,12,101
5,9,13,13
5,9,14,6
5,9,15,1
5,9,16,1
5,10,10,1845
5,10,11,1003
5,10,12,307
5,10,13,60
5,10,14,13
5,10,15,4
5,11,11,926
5,11,12,528
5,11,13,154
5,11,14,57
5,11,15,14
5,11,17,3
5,12,12,405
5,12,13,234
5,12,14,117
5,12,15,45
5,12,16,10
5,12,17,3
5,13,13,164
5,13,14,152
5,13,15,80
5,13,16,18
5,13,17,15
5,13,18,1
5,14,14,89
5,14,15,94
5,14,16,45
5,14,17,17
5,14,18,7
5,14,19,1
5,15,16,29
5,15,17,37
5,15,18,19
5,15,20,1
5,15,15,38
5,16,16,17
5,16,17,25
5,16,18,18
5,16,19,2
5,16,20,2
5,16,21,4
5,17,17,5
5,17,18,22
5,17,20,3
5,17,21,8
5,18,18,11
5,18,20,8
5,18,21,10
5,18,22,1
5,19,20,1
5,19,21,16
5,19,22,3
5,19,23,1
5,20,24,1
5,20,21,14
5,20,22,2
5,20,23,1
5,21,26,1
5,21,21,3
5,21,23,1
6,1,1,6
6,1,2,2032
6,1,3,14041
6,1,4,4299
6,1,5,621
6,1,6,68
6,1,7,5
6,2,2,24303
6,2,3,191650
6,2,4,39750
6,2,5,4939
6,2,6,419
6,2,7,39
6,2,8,1
6,3,3,1087945
6,3,4,249479
6,3,5,31824
6,3,6,2713
6,3,7,223
6,3,8,19
6,3,9,3
6,4,4,953882
6,4,5,141507
6,4,6,14066
6,4,7,1312
6,4,8,102
6,4,9,16
6,4,10,3
6,5,5,371834
6,5,6,50464
6,5,7,6141
6,5,8,598
6,5,9,86
6,5,10,19
6,5,11,5
6,6,6,96721
6,6,7,20408
6,6,8,2435
6,6,9,426
6,6,10,65
6,6,11,15
6,6,12,1
6,6,13,1
6,7,7,35775
6,7,8,7506
6,7,9,1518
6,7,10,274
6,7,11,52
6,7,12,11
6,8,8,11075
6,8,9,4160
6,8,10,891
6,8,11,196
6,8,12,30
6,8,13,8
6,9,9,5572
6,9,10,1985
6,9,11,735
6,9,12,124
6,9,13,22
6,9,14,5
6,9,15,1
6,10,10,1914
6,10,11,1541
6,10,12,295
6,10,13,94
6,10,14,24
6,10,15,3
6,11,11,1372
6,11,12,534
6,11,13,202
6,11,14,60
6,11,15,5
6,11,16,3
6,12,12,436
6,12,13,326
6,12,14,125
6,12,15,12
6,12,16,11
6,12,17,4
6,12,18,2
6,13,13,208
6,13,14,152
6,13,15,23
6,13,16,25
6,13,17,14
6,13,18,2
6,14,14,99
6,14,15,30
6,14,16,53
6,14,17,24
6,14,18,11
6,14,20,1
6,15,16,52
6,15,17,52
6,15,18,24
6,15,19,1
6,15,15,17
6,16,16,27
6,16,17,61
6,16,18,34
6,16,19,3
6,16,20,2
6,16,21,3
6,16,23,1
6,17,17,16
6,17,18,43
6,17,19,7
6,17,20,1
6,18,18,20
6,18,19,4
6,18,20,6
6,18,21,1
6,18,23,2
6,18,24,2
6,19,24,5
6,19,20,4
6,19,21,1
6,19,23,4
6,20,24,6
6,20,20,1
6,20,23,2
6,21,24,4
6,21,21,1
6,21,23,4
6,22,24,6
6,22,25,1
6,22,23,1
6,23,24,4
6,23,28,1
6,23,23,1
6,24,24,1
6,24,29,1
6,25,27,1
7,1,1,6
7,1,2,2114
7,1,3,13826
7,1,4,4349
7,1,5,780
7,1,6,66
7,1,7,12
7,1,8,1
7,2,2,25147
7,2,3,190317
7,2,4,39030
7,2,5,5751
7,2,6,346
7,2,7,31
7,2,8,5
7,2,9,1
7,3,3,1097548
7,3,4,243800
7,3,5,36575
7,3,6,2384
7,3,7,201
7,3,8,18
7,3,9,2
7,4,4,942917
7,4,5,156379
7,4,6,12005
7,4,7,1138
7,4,8,111
7,4,9,14
7,4,10,1
7,5,5,391843
7,5,6,45983
7,5,7,5744
7,5,8,646
7,5,9,93
7,5,10,11
7,5,11,3
7,6,6,92397
7,6,7,18883
7,6,8,2737
7,6,9,509
7,6,10,56
7,6,11,12
7,6,12,1
7,7,7,33331
7,7,8,7966
7,7,9,1916
7,7,10,273
7,7,11,56
7,7,12,13
7,7,19,1
7,8,8,11521
7,8,9,4534
7,8,10,923
7,8,11,250
7,8,12,50
7,8,13,9
7,8,14,3
7,9,9,5021
7,9,10,1955
7,9,11,710
7,9,12,173
7,9,13,13
7,9,14,7
7,10,10,2241
7,10,11,1223
7,10,12,513
7,10,13,64
7,10,14,11
7,10,15,1
7,11,11,906
7,11,12,756
7,11,13,195
7,11,14,34
7,11,15,12
7,11,16,3
7,11,17,2
7,12,12,510
7,12,13,290
7,12,14,115
7,12,15,30
7,12,16,13
7,12,17,2
7,12,18,2
7,13,13,209
7,13,14,154
7,13,15,74
7,13,16,24
7,13,17,2
7,13,18,2
7,14,14,82
7,14,15,82
7,14,16,32
7,14,17,8
7,14,18,6
7,14,19,4
7,15,15,54
7,15,16,45
7,15,17,16
7,15,18,18
7,15,19,6
7,15,20,1
7,16,16,19
7,16,17,15
7,16,18,23
7,16,19,15
7,17,18,8
7,17,19,25
7,18,18,7
7,18,19,24
7,18,21,2
7,18,22,1
7,19,19,3
7,19,20,5
7,19,21,3
7,19,23,2
7,20,21,1
7,20,22,2
7,20,23,1
7,21,24,1
7,21,25,1
7,21,29,1
7,21,23,2
7,22,25,2
7,22,23,1
7,23,24,2
7,23,29,1
7,24,29,1
8,1,1,6
8,1,2,2042
8,1,3,14048
8,1,4,4372
8,1,5,758
8,1,6,67
8,1,7,9
8,1,8,3
8,2,2,24754
8,2,3,194675
8,2,4,40284
8,2,5,5684
8,2,6,399
8,2,7,27
8,2,8,2
8,2,10,1
8,3,3,1102667
8,3,4,252431
8,3,5,37335
8,3,6,2551
8,3,7,196
8,3,8,19
8,3,9,3
8,4,4,974128
8,4,5,159915
8,4,6,12780
8,4,7,1253
8,4,8,108
8,4,9,14
8,5,5,405164
8,5,6,44681
8,5,7,6009
8,5,8,642
8,5,9,132
8,5,10,5
8,5,13,1
8,6,6,87218
8,6,7,18951
8,6,8,2467
8,6,9,608
8,6,10,43
8,6,11,7
8,6,12,2
8,7,7,30846
8,7,8,6820
8,7,9,2134
8,7,10,167
8,7,11,29
8,7,12,9
8,7,13,3
8,8,8,10039
8,8,9,5278
8,8,10,541
8,8,11,119
8,8,12,42
8,8,13,6
8,8,14,1
8,8,15,1
8,9,9,6027
8,9,10,1202
8,9,11,418
8,9,12,134
8,9,13,49
8,9,14,3
8,9,15,4
8,10,10,1201
8,10,11,877
8,10,12,403
8,10,13,150
8,10,14,17
8,10,15,3
8,11,11,828
8,11,12,727
8,11,13,310
8,11,14,53
8,11,15,11
8,11,16,1
8,12,12,453
8,12,13,408
8,12,14,124
8,12,15,46
8,12,16,5
8,12,17,1
8,13,13,249
8,13,14,170
8,13,15,102
8,13,16,25
8,13,17,3
8,13,18,1
8,13,19,1
8,14,14,67
8,14,15,166
8,14,16,34
8,14,17,6
8,14,18,4
8,14,19,4
8,14,20,2
8,15,15,73
8,15,16,34
8,15,17,12
8,15,18,8
8,15,19,6
8,15,20,1
8,15,22,1
8,16,16,21
8,16,17,13
8,16,18,19
8,16,19,11
8,16,20,3
8,17,17,10
8,17,18,16
8,17,19,15
8,17,20,5
8,18,18,7
8,18,19,12
8,18,20,7
8,18,22,2
8,19,24,2
8,19,25,1
8,19,19,6
8,19,20,2
8,19,22,2
8,20,20,1
8,20,22,1
8,20,23,1
8,21,24,2
8,22,24,1
8,23,24,1
8,26,29,1
9,1,1,6
9,1,2,2069
9,1,3,13889
9,1,4,4206
9,1,5,653
9,1,6,67
9,1,7,6
9,2,2,25192
9,2,3,189601
9,2,4,38118
9,2,5,5077
9,2,6,458
9,2,7,29
9,2,8,3
9,3,3,1083720
9,3,4,243943
9,3,5,33770
9,3,6,2713
9,3,7,211
9,3,8,20
9,3,9,4
9,4,4,957986
9,4,5,148226
9,4,6,13517
9,4,7,1140
9,4,8,118
9,4,9,12
9,4,10,1
9,4,11,1
9,5,5,380985
9,5,6,47969
9,5,7,5700
9,5,8,670
9,5,9,73
9,5,10,11
9,5,11,1
9,6,6,94042
9,6,7,19276
9,6,8,3009
9,6,9,418
9,6,10,61
9,6,11,11
9,6,12,1
9,7,7,34713
9,7,8,8595
9,7,9,1585
9,7,10,368
9,7,11,47
9,7,12,3
9,7,13,2
9,7,14,2
9,8,8,12561
9,8,9,4371
9,8,10,1393
9,8,11,191
9,8,12,23
9,8,13,1
9,8,16,1
9,9,9,5940
9,9,10,3480
9,9,11,549
9,9,12,85
9,9,13,18
9,9,14,6
9,10,10,3731
9,10,11,1085
9,10,12,219
9,10,13,45
9,10,14,7
9,10,15,2
9,10,16,1
9,11,11,965
9,11,12,368
9,11,13,92
9,11,14,48
9,11,15,17
9,11,16,1
9,11,17,1
9,12,12,291
9,12,13,164
9,12,14,110
9,12,15,43
9,12,16,7
9,12,17,2
9,12,18,2
9,13,13,143
9,13,14,137
9,13,15,71
9,13,16,26
9,13,17,4
9,13,19,1
9,14,16,25
9,14,17,12
9,14,18,1
9,14,14,68
9,14,15,69
9,15,15,29
9,15,16,33
9,15,17,20
9,15,18,7
9,15,19,5
9,15,20,2
9,16,16,11
9,16,17,28
9,16,18,8
9,16,19,3
9,16,20,4
9,16,21,2
9,16,22,1
9,17,17,11
9,17,18,15
9,17,19,3
9,17,20,6
9,17,23,1
9,18,18,3
9,18,19,8
9,18,20,8
9,18,21,4
9,19,19,1
9,19,20,6
9,19,21,5
9,19,23,2
9,20,20,2
9,20,21,4
9,20,22,1
9,20,23,2
9,22,26,1
9,22,22,1
9,22,23,1
9,24,26,1
9,25,26,1
9,29,30,1
10,1,1,6
10,1,2,2121
10,1,3,14015
10,1,4,4207
10,1,5,781
10,1,6,69
10,1,7,4
10,1,8,3
10,2,2,25374
10,2,3,191860
10,2,4,38948
10,2,5,6301
10,2,6,458
10,2,7,42
10,2,10,1
10,2,12,1
10,2,18,1
10,3,3,1073325
10,3,4,248098
10,3,5,38718
10,3,6,2516
10,3,7,207
10,3,8,17
10,3,9,3
10,4,4,943553
10,4,5,165484
10,4,6,12914
10,4,7,1104
10,4,8,101
10,4,9,21
10,4,10,2
10,4,11,1
10,5,5,407544
10,5,6,45452
10,5,7,5654
10,5,8,618
10,5,9,115
10,5,10,6
10,5,11,2
10,6,6,90667
10,6,7,19093
10,6,8,2722
10,6,9,465
10,6,10,47
10,6,11,13
10,7,7,32892
10,7,8,8038
10,7,9,1596
10,7,10,228
10,7,11,43
10,7,12,7
10,7,18,1
10,8,8,11721
10,8,9,3960
10,8,10,837
10,8,11,182
10,8,12,52
10,8,13,6
10,8,14,1
10,8,16,1
10,8,18,1
10,9,9,4718
10,9,10,2092
10,9,11,556
10,9,12,145
10,9,13,24
10,9,14,4
10,10,10,2040
10,10,11,1152
10,10,12,445
10,10,13,67
10,10,14,12
10,10,15,2
10,10,18,1
10,11,11,1132
10,11,12,835
10,11,13,184
10,11,14,36
10,11,15,6
10,11,16,1
10,11,17,1
10,12,16,10
10,12,12,726
10,12,13,327
10,12,14,85
10,12,15,15
10,13,13,212
10,13,14,99
10,13,15,37
10,13,16,28
10,13,17,2
10,13,18,8
10,14,16,72
10,14,17,6
10,14,18,14
10,14,14,63
10,14,15,51
10,15,15,42
10,15,16,70
10,15,17,8
10,15,18,16
10,15,19,3
10,15,20,2
10,16,16,28
10,16,17,3
10,16,18,26
10,16,19,4
10,16,20,5
10,17,17,1
10,17,18,20
10,17,19,13
10,17,20,8
10,17,21,2
10,18,18,3
10,18,19,7
10,18,20,8
10,18,21,7
10,18,22,1
10,19,19,1
10,19,20,4
10,19,21,4
10,20,24,1
10,20,20,1
10,20,21,5
10,21,21,3
10,21,23,1
10,22,25,3
10,23,25,2
10,25,25,1
