lexicon,lev, length_count, neighbors
real,1,1,6
real,1,2,1067
real,1,3,11138
real,1,4,5187
real,1,5,978
real,1,6,111
real,1,7,19
real,1,8,2
real,2,2,10409
real,2,3,147601
real,2,4,48441
real,2,5,7858
real,2,6,664
real,2,7,57
real,2,8,11
real,3,3,814971
real,3,4,314160
real,3,5,49789
real,3,6,4499
real,3,7,421
real,3,8,29
real,3,9,2
real,4,4,1316742
real,4,5,226051
real,4,6,24411
real,4,7,2259
real,4,8,131
real,4,9,5
real,4,10,1
real,5,5,593799
real,5,6,91068
real,5,7,10398
real,5,8,580
real,5,9,14
real,5,10,1
real,6,8,2259
real,6,9,87
real,6,10,4
real,6,6,183837
real,6,7,32342
real,7,8,5975
real,7,9,244
real,7,10,12
real,7,11,1
real,7,7,48465
real,8,8,6944
real,8,9,573
real,8,10,61
real,8,11,1
real,9,9,560
real,9,10,106
real,9,11,5
real,10,10,91
real,10,11,8
real,11,11,13
real,11,12,1
0,1,1,780
0,1,2,10797
0,1,3,2341
0,1,4,95
0,1,5,3
0,2,2,169503
0,2,3,58445
0,2,4,3038
0,2,5,132
0,2,6,6
0,3,3,449769
0,3,4,50006
0,3,5,3158
0,3,6,222
0,3,7,13
0,4,4,281832
0,4,5,36313
0,4,6,3789
0,4,7,211
0,4,8,12
0,4,10,1
0,5,5,154147
0,5,6,34373
0,5,7,3216
0,5,8,248
0,5,9,21
0,5,10,1
0,6,6,116456
0,6,7,23769
0,6,8,3114
0,6,9,276
0,6,10,23
0,6,13,1
0,7,7,66319
0,7,8,19426
0,7,9,2653
0,7,10,337
0,7,11,13
0,7,12,1
0,8,8,48076
0,8,9,13890
0,8,10,2681
0,8,11,221
0,8,12,19
0,8,13,4
0,9,9,28913
0,9,10,12088
0,9,11,1610
0,9,12,254
0,9,13,33
0,9,14,2
0,10,10,21454
0,10,11,6340
0,10,12,1603
0,10,13,227
0,10,14,24
0,11,11,9961
0,11,12,5764
0,11,13,1240
0,11,14,139
0,11,15,26
0,11,16,4
0,12,16,20
0,12,12,8649
0,12,13,3797
0,12,14,655
0,12,15,181
0,13,13,4568
0,13,14,2092
0,13,15,845
0,13,16,170
0,13,17,15
0,13,18,6
0,14,14,2239
0,14,15,2227
0,14,16,671
0,14,17,97
0,14,18,11
0,14,19,3
0,14,20,1
0,15,15,2286
0,15,16,1552
0,15,17,328
0,15,18,67
0,15,19,17
0,15,20,2
0,16,16,1324
0,16,17,694
0,16,18,249
0,16,19,83
0,16,20,20
0,16,21,3
0,17,17,636
0,17,18,445
0,17,19,254
0,17,20,80
0,17,21,7
0,18,18,398
0,18,19,398
0,18,20,290
0,18,21,46
0,18,22,11
0,18,23,1
0,19,19,235
0,19,20,390
0,19,21,111
0,19,22,31
0,19,23,13
0,19,24,3
0,20,20,252
0,20,21,178
0,20,22,72
0,20,23,48
0,20,24,7
0,20,25,3
0,20,26,1
0,21,21,90
0,21,22,77
0,21,23,102
0,21,24,23
0,21,25,15
0,21,26,1
0,22,22,40
0,22,23,146
0,22,24,59
0,22,25,26
0,22,26,4
0,22,28,1
0,23,24,63
0,23,25,61
0,23,26,11
0,23,27,1
0,23,23,68
0,24,24,35
0,24,25,53
0,24,26,16
0,24,27,4
0,24,28,2
0,24,29,1
0,25,25,13
0,25,26,16
0,25,27,7
0,25,28,11
0,25,29,9
0,26,26,6
0,26,27,3
0,26,28,16
0,26,29,11
0,27,28,19
0,27,29,10
0,27,30,1
0,28,28,6
0,28,29,8
0,28,30,3
0,28,31,1
0,29,32,1
0,29,29,6
0,29,30,1
0,29,31,1
0,30,30,1
0,30,31,1
0,33,33,1
0,33,35,1
0,34,39,1
1,1,1,780
1,1,2,12058
1,1,3,2259
1,1,4,86
1,1,5,2
1,2,2,187338
1,2,3,53860
1,2,4,3316
1,2,5,165
1,2,6,6
1,3,3,408047
1,3,4,53856
1,3,5,3861
1,3,6,255
1,3,7,10
1,3,8,1
1,4,4,301870
1,4,5,46045
1,4,6,4196
1,4,7,255
1,4,8,10
1,4,9,2
1,5,5,196680
1,5,6,38297
1,5,7,3473
1,5,8,244
1,5,9,18
1,5,10,1
1,6,8,2726
1,6,9,243
1,6,10,10
1,6,6,128066
1,6,7,26452
1,7,7,76301
1,7,8,16847
1,7,9,2439
1,7,10,141
1,7,11,16
1,7,12,3
1,8,8,40203
1,8,9,13005
1,8,10,1326
1,8,11,218
1,8,12,23
1,8,13,1
1,9,9,27953
1,9,10,6325
1,9,11,1799
1,9,12,290
1,9,13,13
1,9,14,2
1,10,10,12297
1,10,11,7342
1,10,12,1862
1,10,13,161
1,10,14,16
1,10,15,3
1,11,11,11740
1,11,12,6601
1,11,13,1027
1,11,14,126
1,11,15,20
1,11,16,4
1,11,17,1
1,12,12,8799
1,12,13,3491
1,12,14,693
1,12,15,155
1,12,16,28
1,12,17,3
1,13,13,4487
1,13,14,2163
1,13,15,733
1,13,16,127
1,13,17,12
1,13,18,4
1,14,14,2565
1,14,15,1827
1,14,16,562
1,14,17,127
1,14,18,10
1,14,19,1
1,15,15,1918
1,15,16,1272
1,15,17,414
1,15,18,63
1,15,19,7
1,15,20,2
1,16,16,1247
1,16,17,959
1,16,18,179
1,16,19,40
1,16,20,14
1,17,17,762
1,17,18,312
1,17,19,107
1,17,20,45
1,17,21,4
1,17,22,2
1,18,18,252
1,18,19,225
1,18,20,132
1,18,21,14
1,18,22,9
1,19,19,148
1,19,20,190
1,19,21,41
1,19,22,24
1,19,23,3
1,19,24,1
1,20,20,113
1,20,21,39
1,20,22,59
1,20,23,7
1,20,24,2
1,20,25,1
1,21,21,22
1,21,22,67
1,21,23,33
1,21,24,13
1,21,25,2
1,21,26,2
1,22,24,18
1,22,25,10
1,22,26,1
1,22,22,29
1,22,23,31
1,23,24,26
1,23,25,37
1,23,26,5
1,23,23,17
1,24,24,18
1,24,25,30
1,24,26,17
1,24,27,2
1,25,25,11
1,25,26,16
1,25,27,9
1,25,29,2
1,26,26,4
1,26,27,15
1,26,28,1
1,26,29,8
1,26,30,4
1,27,27,2
1,27,28,1
1,27,29,8
1,27,30,3
1,27,31,1
1,28,32,2
1,28,33,1
1,28,28,1
1,28,29,8
1,28,30,7
1,28,31,6
1,29,32,1
1,29,34,1
1,29,29,2
1,29,30,6
1,29,31,1
1,30,32,4
1,30,33,1
1,30,34,1
1,30,30,1
1,30,31,2
1,31,32,1
1,31,33,1
1,31,34,1
1,31,35,1
1,32,32,2
1,32,33,3
1,32,34,2
1,32,35,1
1,33,34,1
1,33,35,1
1,35,39,1
1,37,39,2
2,1,1,780
2,1,2,12270
2,1,3,2004
2,1,4,111
2,1,5,6
2,2,2,192210
2,2,3,50912
2,2,4,3528
2,2,5,155
2,2,6,6
2,3,3,391237
2,3,4,54042
2,3,5,3808
2,3,6,203
2,3,7,14
2,3,8,1
2,4,8,19
2,4,4,289680
2,4,5,44840
2,4,6,3742
2,4,7,253
2,5,8,272
2,5,9,19
2,5,5,192356
2,5,6,35752
2,5,7,3420
2,6,6,126473
2,6,7,25370
2,6,8,3022
2,6,9,269
2,6,10,25
2,6,11,3
2,7,7,74683
2,7,8,18126
2,7,9,2764
2,7,10,250
2,7,11,18
2,7,12,2
2,8,8,41041
2,8,9,14243
2,8,10,2091
2,8,11,282
2,8,12,22
2,8,13,3
2,9,9,29676
2,9,10,9440
2,9,11,1889
2,9,12,220
2,9,13,19
2,9,14,2
2,10,10,17355
2,10,11,6921
2,10,12,1477
2,10,13,169
2,10,14,15
2,10,15,2
2,10,17,1
2,11,11,10987
2,11,12,4965
2,11,13,997
2,11,14,203
2,11,15,22
2,11,16,3
2,11,17,1
2,12,12,6194
2,12,13,3018
2,12,14,895
2,12,15,110
2,12,16,18
2,12,17,2
2,13,13,3922
2,13,14,2477
2,13,15,630
2,13,16,135
2,13,17,16
2,13,18,4
2,14,14,2736
2,14,15,1623
2,14,16,495
2,14,17,74
2,14,18,12
2,14,19,3
2,14,20,1
2,15,15,1708
2,15,16,1245
2,15,17,368
2,15,18,56
2,15,19,17
2,15,20,2
2,15,21,1
2,16,16,1107
2,16,17,754
2,16,18,264
2,16,19,69
2,16,20,16
2,16,21,2
2,17,17,614
2,17,18,535
2,17,19,240
2,17,20,46
2,17,21,15
2,18,18,404
2,18,19,402
2,18,20,178
2,18,21,57
2,18,22,7
2,18,23,1
2,18,24,1
2,19,19,259
2,19,20,255
2,19,21,127
2,19,22,39
2,19,23,16
2,19,24,1
2,20,20,168
2,20,21,245
2,20,22,87
2,20,23,36
2,20,24,2
2,20,26,1
2,21,24,10
2,21,26,3
2,21,21,148
2,21,22,118
2,21,23,111
2,22,24,19
2,22,25,4
2,22,26,7
2,22,22,49
2,22,23,136
2,23,24,30
2,23,25,8
2,23,26,14
2,23,27,1
2,23,23,78
2,24,24,15
2,24,25,9
2,24,26,28
2,24,27,6
2,24,28,1
2,25,25,7
2,25,26,22
2,25,27,14
2,25,28,1
2,25,29,3
2,26,26,3
2,26,27,12
2,26,28,7
2,26,29,3
2,26,31,1
2,27,32,2
2,27,27,3
2,27,28,6
2,27,29,4
2,27,30,1
2,27,31,1
2,28,32,1
2,28,29,4
2,28,30,2
2,28,31,3
2,29,32,2
2,29,29,1
2,29,31,4
2,30,32,4
2,30,31,1
2,31,32,1
2,31,35,1
2,32,35,1
2,34,35,1
2,39,40,1
3,1,1,780
3,1,2,11604
3,1,3,2086
3,1,4,94
3,1,5,3
3,2,2,180286
3,2,3,52339
3,2,4,3290
3,2,5,193
3,2,6,5
3,3,3,405895
3,3,4,53301
3,3,5,3945
3,3,6,201
3,3,7,10
3,4,4,298218
3,4,5,45346
3,4,6,3486
3,4,7,239
3,4,8,16
3,4,9,1
3,5,8,315
3,5,9,19
3,5,5,192373
3,5,6,31987
3,5,7,3698
3,6,6,109851
3,6,7,27172
3,6,8,3499
3,6,9,243
3,6,10,17
3,6,11,2
3,7,8,21262
3,7,9,2476
3,7,10,317
3,7,11,16
3,7,7,78159
3,8,8,49986
3,8,9,13256
3,8,10,2358
3,8,11,145
3,8,12,35
3,9,9,27370
3,9,10,10720
3,9,11,1084
3,9,12,257
3,9,13,20
3,9,14,2
3,9,15,1
3,10,10,19228
3,10,11,4383
3,10,12,1599
3,10,13,230
3,10,14,20
3,10,15,2
3,11,11,6931
3,11,12,5453
3,11,13,1281
3,11,14,175
3,11,15,17
3,11,16,2
3,12,12,7362
3,12,13,3862
3,12,14,846
3,12,15,85
3,12,16,31
3,12,17,1
3,13,13,4760
3,13,14,2322
3,13,15,513
3,13,16,140
3,13,17,16
3,13,18,2
3,14,14,2740
3,14,15,1281
3,14,16,673
3,14,17,71
3,14,18,15
3,14,19,1
3,15,16,1485
3,15,17,286
3,15,18,80
3,15,19,8
3,15,15,1341
3,16,16,1410
3,16,17,704
3,16,18,303
3,16,19,43
3,16,20,10
3,17,17,633
3,17,18,549
3,17,19,153
3,17,20,30
3,17,21,10
3,17,22,1
3,18,18,429
3,18,19,323
3,18,20,146
3,18,21,19
3,18,22,21
3,18,23,1
3,19,19,213
3,19,20,236
3,19,21,46
3,19,22,33
3,19,23,2
3,19,24,1
3,20,24,15
3,20,20,173
3,20,21,87
3,20,22,104
3,20,23,32
3,21,21,28
3,21,22,136
3,21,23,61
3,21,24,45
3,21,25,1
3,21,27,1
3,22,22,83
3,22,23,62
3,22,24,105
3,22,25,4
3,22,26,6
3,22,27,1
3,23,24,137
3,23,25,14
3,23,26,12
3,23,23,52
3,24,24,75
3,24,25,7
3,24,26,28
3,24,27,3
3,25,25,2
3,25,26,34
3,25,27,3
3,25,28,5
3,25,31,1
3,26,26,11
3,26,27,4
3,26,28,1
3,26,29,8
3,26,30,2
3,27,32,1
3,27,27,3
3,27,29,5
3,27,30,5
3,28,33,1
3,28,29,6
3,28,30,14
3,29,32,1
3,29,29,2
3,29,30,6
3,30,32,6
3,30,30,1
3,31,32,6
3,31,33,2
3,31,34,1
3,32,32,1
3,33,35,1
3,33,38,1
3,35,36,1
3,37,40,1
4,1,1,780
4,1,2,12988
4,1,3,2270
4,1,4,95
4,1,5,2
4,2,2,204482
4,2,3,56062
4,2,4,2905
4,2,5,158
4,2,6,6
4,3,3,423339
4,3,4,46247
4,3,5,3637
4,3,6,183
4,3,7,5
4,4,4,262408
4,4,5,40869
4,4,6,3354
4,4,7,235
4,4,8,17
4,4,9,1
4,5,5,171487
4,5,6,30714
4,5,7,3327
4,5,8,325
4,5,9,24
4,5,10,1
4,6,6,105399
4,6,7,24404
4,6,8,3540
4,6,9,269
4,6,10,18
4,6,11,3
4,7,7,69932
4,7,8,22245
4,7,9,2830
4,7,10,268
4,7,11,22
4,7,12,2
4,8,8,53274
4,8,9,14948
4,8,10,2263
4,8,11,253
4,8,12,22
4,9,9,31383
4,9,10,10677
4,9,11,1753
4,9,12,279
4,9,13,18
4,9,14,2
4,10,10,20703
4,10,11,7161
4,10,12,1674
4,10,13,146
4,10,14,28
4,10,15,3
4,11,11,11514
4,11,12,6075
4,11,13,877
4,11,14,148
4,11,15,18
4,11,16,1
4,12,12,8238
4,12,13,2545
4,12,14,797
4,12,15,156
4,12,16,14
4,12,17,1
4,12,18,1
4,13,13,3200
4,13,14,2340
4,13,15,788
4,13,16,111
4,13,17,11
4,13,18,2
4,14,14,2571
4,14,15,1865
4,14,16,425
4,14,17,76
4,14,18,9
4,14,19,1
4,14,20,1
4,15,15,2021
4,15,16,1033
4,15,17,227
4,15,18,73
4,15,19,21
4,15,20,1
4,16,16,972
4,16,17,458
4,16,18,308
4,16,19,108
4,16,20,7
4,16,21,2
4,17,17,355
4,17,18,647
4,17,19,291
4,17,20,45
4,17,21,7
4,18,18,500
4,18,19,530
4,18,20,135
4,18,21,39
4,18,22,7
4,18,23,2
4,19,19,375
4,19,20,205
4,19,21,105
4,19,22,25
4,19,23,6
4,19,24,1
4,20,20,134
4,20,21,204
4,20,22,84
4,20,23,16
4,20,24,6
4,20,25,1
4,21,24,7
4,21,25,2
4,21,21,108
4,21,22,113
4,21,23,62
4,22,24,41
4,22,25,10
4,22,26,1
4,22,22,71
4,22,23,98
4,23,23,47
4,23,24,51
4,23,25,24
4,23,26,3
4,23,27,1
4,23,28,1
4,24,24,30
4,24,25,33
4,24,26,10
4,24,27,2
4,24,28,4
4,25,25,8
4,25,26,12
4,25,27,7
4,25,28,7
4,26,26,2
4,26,27,3
4,26,28,21
4,26,29,1
4,27,27,2
4,27,28,8
4,27,29,2
4,27,30,5
4,27,31,1
4,28,28,4
4,28,29,1
4,28,30,5
4,28,31,3
4,29,29,2
4,29,30,3
4,29,31,2
4,30,30,2
4,30,31,4
4,31,34,1
4,32,37,1
4,34,36,1
4,34,37,1
4,36,37,1
4,36,38,1
4,36,39,1
4,37,40,1
5,1,1,780
5,1,2,10955
5,1,3,2114
5,1,4,71
5,2,2,162211
5,2,3,52342
5,2,4,2899
5,2,5,182
5,2,6,7
5,3,3,415509
5,3,4,48385
5,3,5,4172
5,3,6,200
5,3,7,10
5,3,8,1
5,4,4,277911
5,4,5,45883
5,4,6,3759
5,4,7,239
5,4,8,16
5,4,9,1
5,5,5,191623
5,5,6,34358
5,5,7,3636
5,5,8,297
5,5,9,20
5,5,10,1
5,6,6,115966
5,6,7,27236
5,6,8,3480
5,6,9,264
5,6,10,17
5,6,11,1
5,7,7,75370
5,7,8,21633
5,7,9,2709
5,7,10,252
5,7,11,18
5,7,12,2
5,8,8,52783
5,8,9,14151
5,8,10,1989
5,8,11,284
5,8,12,23
5,8,13,1
5,9,9,28911
5,9,10,8589
5,9,11,2258
5,9,12,232
5,9,13,15
5,10,10,15030
5,10,11,9198
5,10,12,1342
5,10,13,195
5,10,14,13
5,10,15,2
5,11,11,14806
5,11,12,4979
5,11,13,976
5,11,14,167
5,11,15,21
5,11,16,1
5,12,12,6952
5,12,13,3147
5,12,14,807
5,12,15,147
5,12,16,15
5,12,17,1
5,13,13,3922
5,13,14,2346
5,13,15,677
5,13,16,119
5,13,17,29
5,13,18,4
5,13,19,1
5,14,14,2772
5,14,15,1742
5,14,16,561
5,14,17,158
5,14,18,23
5,14,19,2
5,15,15,1689
5,15,16,1318
5,15,17,506
5,15,18,102
5,15,19,9
5,15,20,1
5,16,16,1307
5,16,17,1132
5,16,18,381
5,16,19,54
5,16,20,6
5,16,21,1
5,17,17,949
5,17,18,779
5,17,19,178
5,17,20,48
5,17,21,8
5,17,22,1
5,18,18,602
5,18,19,382
5,18,20,100
5,18,21,36
5,18,22,5
5,18,23,1
5,19,19,235
5,19,20,143
5,19,21,78
5,19,22,33
5,19,23,4
5,19,24,1
5,20,24,5
5,20,20,80
5,20,21,133
5,20,22,75
5,20,23,20
5,21,24,13
5,21,26,2
5,21,21,69
5,21,22,108
5,21,23,62
5,22,24,26
5,22,26,3
5,22,27,1
5,22,22,54
5,22,23,71
5,23,23,32
5,23,24,23
5,23,25,12
5,23,26,6
5,23,27,5
5,23,28,1
5,24,24,10
5,24,25,12
5,24,26,15
5,24,27,6
5,24,28,3
5,25,25,4
5,25,26,17
5,25,27,22
5,25,28,11
5,25,29,1
5,26,26,2
5,26,27,19
5,26,28,19
5,26,29,2
5,26,30,1
5,27,33,1
5,27,27,2
5,27,28,17
5,27,29,2
5,27,30,1
5,28,28,4
5,28,29,4
5,28,30,2
5,29,32,1
5,29,33,1
5,29,29,1
5,29,30,2
5,29,31,1
5,31,33,1
5,34,35,1
5,35,40,1
5,36,40,1
5,38,40,1
6,1,1,741
6,1,2,12189
6,1,3,1809
6,1,4,89
6,1,5,2
6,2,2,189106
6,2,3,46370
6,2,4,3184
6,2,5,172
6,2,6,7
6,3,3,377324
6,3,4,48024
6,3,5,3942
6,3,6,223
6,3,7,4
6,4,4,266706
6,4,5,44557
6,4,6,3827
6,4,7,226
6,4,8,11
6,4,9,2
6,5,5,188343
6,5,6,34227
6,5,7,3158
6,5,8,265
6,5,9,16
6,5,10,1
6,6,6,117677
6,6,7,23104
6,6,8,3165
6,6,9,310
6,6,10,16
6,6,11,2
6,6,12,1
6,7,7,65314
6,7,8,20045
6,7,9,2858
6,7,10,268
6,7,11,34
6,7,12,2
6,8,8,48904
6,8,9,14368
6,8,10,2283
6,8,11,320
6,8,12,29
6,8,13,4
6,9,9,29417
6,9,10,10769
6,9,11,2206
6,9,12,256
6,9,13,28
6,9,14,3
6,10,10,19048
6,10,11,9062
6,10,12,1671
6,10,13,211
6,10,14,13
6,10,15,3
6,11,11,13801
6,11,12,5566
6,11,13,1224
6,11,14,160
6,11,15,27
6,11,16,1
6,11,17,2
6,12,12,7353
6,12,13,4057
6,12,14,690
6,12,15,240
6,12,16,26
6,12,17,2
6,13,13,5061
6,13,14,1907
6,13,15,1067
6,13,16,112
6,13,17,25
6,13,18,1
6,14,14,2078
6,14,15,2468
6,14,16,506
6,14,17,139
6,14,18,18
6,14,19,4
6,14,20,1
6,15,15,2300
6,15,16,1220
6,15,17,482
6,15,18,81
6,15,19,12
6,15,20,1
6,16,16,1138
6,16,17,907
6,16,18,302
6,16,19,82
6,16,20,8
6,16,21,1
6,17,17,721
6,17,18,634
6,17,19,229
6,17,20,38
6,17,21,15
6,17,22,2
6,18,18,504
6,18,19,380
6,18,20,86
6,18,21,53
6,18,22,12
6,18,23,4
6,19,19,239
6,19,20,163
6,19,21,121
6,19,22,39
6,19,23,4
6,19,24,5
6,20,24,14
6,20,20,109
6,20,21,194
6,20,22,75
6,20,23,22
6,21,21,112
6,21,22,91
6,21,23,62
6,21,24,39
6,21,25,4
6,21,26,1
6,22,24,64
6,22,25,12
6,22,26,2
6,22,22,57
6,22,23,59
6,23,24,76
6,23,25,22
6,23,26,11
6,23,27,3
6,23,23,20
6,24,24,33
6,24,25,14
6,24,26,16
6,24,27,8
6,24,28,4
6,24,29,1
6,25,25,3
6,25,26,18
6,25,27,5
6,25,28,8
6,25,29,1
6,26,26,7
6,26,27,12
6,26,28,11
6,26,29,4
6,27,28,15
6,27,29,6
6,27,30,2
6,28,32,2
6,28,28,7
6,28,29,3
6,28,30,5
6,29,32,2
6,29,34,2
6,29,30,3
6,30,32,6
6,30,34,2
6,31,32,5
6,31,33,1
6,31,34,3
6,32,34,3
6,32,36,1
6,32,37,2
6,33,34,3
6,33,35,1
6,33,36,1
6,34,34,2
6,34,37,1
6,35,36,1
6,35,37,3
6,36,39,1
7,1,1,820
7,1,2,12010
7,1,3,2034
7,1,4,89
7,1,5,2
7,1,6,1
7,2,2,187386
7,2,3,51810
7,2,4,3292
7,2,5,129
7,2,6,4
7,3,3,404559
7,3,4,51290
7,3,5,3096
7,3,6,175
7,3,7,10
7,4,8,12
7,4,4,282760
7,4,5,36778
7,4,6,3549
7,4,7,203
7,5,5,156873
7,5,6,33790
7,5,7,3244
7,5,8,244
7,5,9,20
7,5,11,1
7,6,8,2676
7,6,9,298
7,6,10,30
7,6,6,120684
7,6,7,24528
7,7,7,70361
7,7,8,16866
7,7,9,2715
7,7,10,337
7,7,11,22
7,7,12,2
7,8,8,40928
7,8,9,13781
7,8,10,2813
7,8,11,304
7,8,12,15
7,8,13,2
7,9,9,27142
7,9,10,13207
7,9,11,2231
7,9,12,201
7,9,13,27
7,9,14,1
7,9,15,1
7,10,10,23234
7,10,11,8983
7,10,12,1301
7,10,13,208
7,10,14,11
7,10,15,1
7,11,11,13659
7,11,12,4559
7,11,13,1246
7,11,14,136
7,11,15,39
7,11,16,2
7,12,12,6168
7,12,13,3596
7,12,14,710
7,12,15,215
7,12,16,19
7,12,17,4
7,13,13,4374
7,13,14,2135
7,13,15,953
7,13,16,116
7,13,17,19
7,13,18,3
7,13,19,1
7,14,14,2678
7,14,15,2474
7,14,16,519
7,14,17,123
7,14,18,12
7,14,19,1
7,15,15,2422
7,15,16,1241
7,15,17,469
7,15,18,62
7,15,19,23
7,15,20,4
7,15,23,1
7,16,16,1106
7,16,17,1080
7,16,18,231
7,16,19,111
7,16,20,16
7,16,21,4
7,17,17,861
7,17,18,469
7,17,19,334
7,17,20,52
7,17,21,19
7,17,22,1
7,18,18,399
7,18,19,518
7,18,20,196
7,18,21,71
7,18,22,6
7,18,23,2
7,19,19,338
7,19,20,326
7,19,21,174
7,19,22,24
7,19,23,3
7,19,24,1
7,20,20,226
7,20,21,305
7,20,22,47
7,20,23,21
7,20,24,5
7,20,25,2
7,21,21,207
7,21,22,49
7,21,23,45
7,21,24,16
7,21,25,2
7,21,26,2
7,21,27,1
7,22,22,26
7,22,23,59
7,22,24,32
7,22,25,12
7,22,26,5
7,22,27,1
7,23,23,22
7,23,24,46
7,23,25,33
7,23,26,7
7,23,27,5
7,23,29,1
7,24,24,20
7,24,25,31
7,24,26,21
7,24,27,8
7,24,28,1
7,25,25,11
7,25,26,22
7,25,27,25
7,25,28,2
7,25,29,1
7,26,26,9
7,26,27,20
7,26,28,3
7,26,29,3
7,26,30,1
7,26,31,1
7,27,27,6
7,27,28,3
7,27,29,3
7,28,32,3
7,28,28,1
7,28,29,2
7,28,31,2
7,29,32,5
7,30,32,5
7,30,33,1
7,31,32,2
7,31,33,4
7,32,33,4
7,32,34,1
7,32,35,1
7,33,33,1
7,33,36,1
7,35,37,1
7,35,39,1
7,36,39,3
7,37,39,2
8,1,1,780
8,1,2,12682
8,1,3,2219
8,1,4,95
8,1,5,4
8,2,2,198893
8,2,3,55956
8,2,4,3032
8,2,5,154
8,2,6,5
8,3,3,425461
8,3,4,48125
8,3,5,3592
8,3,6,175
8,3,7,9
8,4,4,266751
8,4,5,41789
8,4,6,3136
8,4,7,237
8,4,8,9
8,4,9,2
8,5,5,179917
8,5,6,29676
8,5,7,3445
8,5,8,278
8,5,9,8
8,5,10,1
8,6,8,3322
8,6,9,234
8,6,10,21
8,6,6,104034
8,6,7,26534
8,7,7,75805
8,7,8,20145
8,7,9,2401
8,7,10,286
8,7,11,25
8,7,12,1
8,8,8,49399
8,8,9,12861
8,8,10,2494
8,8,11,243
8,8,12,18
8,8,13,2
8,8,14,1
8,9,9,27565
8,9,10,11310
8,9,11,1715
8,9,12,233
8,9,13,24
8,9,14,3
8,10,10,20341
8,10,11,6963
8,10,12,1444
8,10,13,225
8,10,14,26
8,10,15,2
8,11,11,11355
8,11,12,4899
8,11,13,1337
8,11,14,176
8,11,15,20
8,12,12,6935
8,12,13,4133
8,12,14,936
8,12,15,130
8,12,16,12
8,12,17,3
8,12,18,2
8,13,13,5157
8,13,14,2660
8,13,15,575
8,13,16,82
8,13,17,9
8,13,18,1
8,14,16,362
8,14,17,83
8,14,18,31
8,14,14,2984
8,14,15,1409
8,15,15,1434
8,15,16,926
8,15,17,326
8,15,18,105
8,15,19,16
8,15,20,2
8,16,16,829
8,16,17,680
8,16,18,374
8,16,19,111
8,16,20,13
8,16,21,2
8,16,22,1
8,17,17,610
8,17,18,708
8,17,19,322
8,17,20,52
8,17,21,7
8,17,22,1
8,17,24,1
8,18,18,549
8,18,19,567
8,18,20,134
8,18,21,23
8,18,22,3
8,19,19,362
8,19,20,177
8,19,21,80
8,19,22,22
8,19,23,4
8,19,24,1
8,20,24,7
8,20,20,118
8,20,21,117
8,20,22,51
8,20,23,25
8,21,21,96
8,21,22,101
8,21,23,56
8,21,24,40
8,21,25,1
8,21,26,1
8,22,22,52
8,22,23,76
8,22,24,46
8,22,25,5
8,22,26,2
8,22,27,1
8,23,24,49
8,23,25,14
8,23,26,12
8,23,27,4
8,23,23,49
8,24,24,9
8,24,25,3
8,24,26,15
8,24,27,11
8,24,28,3
8,25,25,5
8,25,26,17
8,25,27,27
8,25,28,1
8,25,29,1
8,26,26,8
8,26,27,24
8,26,28,2
8,26,29,4
8,26,30,1
8,26,31,2
8,27,33,1
8,27,27,11
8,27,28,3
8,27,29,6
8,27,30,3
8,27,31,1
8,28,28,1
8,28,29,4
8,28,30,1
8,28,31,3
8,29,32,1
8,29,33,3
8,29,31,2
8,30,32,2
8,30,33,2
8,30,30,1
8,30,31,2
8,31,33,2
8,32,33,1
8,33,33,1
8,34,36,1
8,34,37,1
8,34,38,1
8,37,40,2
8,39,40,1
9,1,1,780
9,1,2,11874
9,1,3,2178
9,1,4,94
9,1,5,2
9,2,2,187522
9,2,3,52188
9,2,4,3317
9,2,5,148
9,2,6,7
9,3,3,408837
9,3,4,51844
9,3,5,3685
9,3,6,183
9,3,7,9
9,3,8,1
9,4,4,289610
9,4,5,43111
9,4,6,3284
9,4,7,218
9,4,8,18
9,4,9,1
9,5,8,247
9,5,9,16
9,5,5,183914
9,5,6,31661
9,5,7,3104
9,6,8,2981
9,6,9,237
9,6,10,19
9,6,6,111476
9,6,7,23385
9,7,8,18553
9,7,9,2564
9,7,10,293
9,7,11,32
9,7,7,70304
9,8,8,45728
9,8,9,13990
9,8,10,2347
9,8,11,236
9,8,12,18
9,8,13,3
9,8,14,1
9,9,9,28945
9,9,10,10667
9,9,11,1632
9,9,12,188
9,9,13,29
9,9,14,3
9,10,10,19314
9,10,11,7357
9,10,12,1389
9,10,13,257
9,10,14,27
9,10,15,2
9,11,11,12688
9,11,12,5100
9,11,13,1305
9,11,14,217
9,11,15,20
9,11,16,1
9,12,12,7166
9,12,13,4097
9,12,14,1050
9,12,15,194
9,12,16,15
9,12,17,4
9,13,16,91
9,13,17,12
9,13,13,5040
9,13,14,2781
9,13,15,802
9,14,16,411
9,14,17,138
9,14,18,16
9,14,14,2942
9,14,15,2086
9,15,16,975
9,15,17,483
9,15,18,44
9,15,19,20
9,15,15,2047
9,16,16,922
9,16,17,995
9,16,18,194
9,16,19,99
9,16,20,12
9,16,21,1
9,17,17,783
9,17,18,403
9,17,19,254
9,17,20,48
9,17,21,3
9,17,22,2
9,18,18,289
9,18,19,383
9,18,20,162
9,18,21,43
9,18,22,5
9,18,23,2
9,19,19,279
9,19,20,244
9,19,21,104
9,19,22,30
9,19,23,4
9,20,20,164
9,20,21,133
9,20,22,74
9,20,23,21
9,21,24,6
9,21,25,7
9,21,21,67
9,21,22,100
9,21,23,30
9,22,22,65
9,22,23,34
9,22,24,11
9,22,25,21
9,22,26,2
9,22,27,1
9,23,23,14
9,23,24,21
9,23,25,30
9,23,26,15
9,23,27,5
9,23,28,4
9,24,24,7
9,24,25,32
9,24,26,25
9,24,27,9
9,24,28,4
9,25,25,15
9,25,26,25
9,25,27,22
9,25,28,17
9,26,26,11
9,26,27,17
9,26,28,24
9,26,29,1
9,27,27,1
9,27,28,12
9,27,31,1
9,28,28,5
9,28,31,1
9,29,31,2
9,30,32,1
9,30,31,2
9,33,34,1
9,33,35,1
9,34,37,1
10,1,1,741
10,1,2,10974
10,1,3,2219
10,1,4,94
10,1,5,3
10,2,2,167529
10,2,3,54147
10,2,4,3179
10,2,5,129
10,2,6,10
10,3,3,418459
10,3,4,49438
10,3,5,3500
10,3,6,252
10,3,7,4
10,4,8,11
10,4,4,268490
10,4,5,39884
10,4,6,3847
10,4,7,287
10,5,5,168059
10,5,6,34438
10,5,7,4021
10,5,8,231
10,5,9,13
10,5,10,1
10,6,6,117973
10,6,7,29334
10,6,8,2789
10,6,9,255
10,6,10,25
10,6,11,1
10,7,8,17578
10,7,9,2578
10,7,10,283
10,7,11,33
10,7,7,83240
10,8,8,43294
10,8,9,13541
10,8,10,2685
10,8,11,287
10,8,12,24
10,9,9,27273
10,9,10,11539
10,9,11,2083
10,9,12,273
10,9,13,16
10,10,10,20712
10,10,11,8345
10,10,12,1737
10,10,13,196
10,10,14,16
10,10,15,1
10,11,11,13341
10,11,12,6232
10,11,13,1067
10,11,14,179
10,11,15,17
10,11,16,3
10,12,12,8570
10,12,13,3345
10,12,14,823
10,12,15,164
10,12,16,11
10,12,17,6
10,13,13,4154
10,13,14,2365
10,13,15,665
10,13,16,162
10,13,17,20
10,13,18,2
10,13,19,1
10,14,14,2722
10,14,15,1807
10,14,16,606
10,14,17,121
10,14,18,19
10,14,19,3
10,15,15,1811
10,15,16,1470
10,15,17,419
10,15,18,75
10,15,19,12
10,15,20,3
10,16,16,1403
10,16,17,869
10,16,18,272
10,16,19,139
10,16,20,17
10,17,17,710
10,17,18,529
10,17,19,364
10,17,20,73
10,17,21,4
10,17,22,2
10,18,18,378
10,18,19,582
10,18,20,180
10,18,21,20
10,18,22,8
10,18,23,4
10,19,19,384
10,19,20,353
10,19,21,73
10,19,22,36
10,19,23,5
10,20,24,1
10,20,20,194
10,20,21,129
10,20,22,100
10,20,23,15
10,21,21,74
10,21,22,131
10,21,23,39
10,21,24,4
10,21,25,5
10,21,27,1
10,22,22,74
10,22,23,57
10,22,24,10
10,22,25,16
10,22,26,1
10,22,27,1
10,23,24,18
10,23,25,28
10,23,26,7
10,23,27,5
10,23,23,33
10,24,24,3
10,24,25,29
10,24,26,10
10,24,27,5
10,24,28,1
10,24,29,1
10,25,25,13
10,25,26,7
10,25,27,9
10,25,28,3
10,25,29,1
10,26,26,3
10,26,27,5
10,26,28,5
10,26,29,8
10,26,30,1
10,27,27,2
10,27,28,5
10,27,29,12
10,27,30,2
10,28,32,1
10,28,28,1
10,28,29,10
10,28,30,3
10,29,32,2
10,29,33,1
10,29,29,4
10,29,30,2
10,30,33,4
10,30,34,1
10,30,30,2
10,31,33,7
10,31,31,1
10,32,33,2
10,33,33,1
11,1,1,741
11,1,2,11588
11,1,3,2181
11,1,4,89
11,1,5,2
11,2,2,180302
11,2,3,54573
11,2,4,3537
11,2,5,151
11,2,6,7
11,2,7,1
11,3,3,420999
11,3,4,54214
11,3,5,3666
11,3,6,193
11,3,7,7
11,4,4,298750
11,4,5,42277
11,4,6,3201
11,4,7,257
11,4,8,13
11,4,9,1
11,5,5,183407
11,5,6,29496
11,5,7,3552
11,5,8,225
11,5,9,11
11,5,10,2
11,6,6,104129
11,6,7,26032
11,6,8,2818
11,6,9,254
11,6,10,17
11,6,11,1
11,7,7,72982
11,7,8,18077
11,7,9,2592
11,7,10,266
11,7,11,23
11,7,12,1
11,8,8,44933
11,8,9,14307
11,8,10,2103
11,8,11,242
11,8,12,17
11,8,13,3
11,9,9,31351
11,9,10,9533
11,9,11,1858
11,9,12,222
11,9,13,17
11,9,14,2
11,10,10,16999
11,10,11,7262
11,10,12,1278
11,10,13,191
11,10,14,25
11,10,15,2
11,11,11,11524
11,11,12,4427
11,11,13,1061
11,11,14,208
11,11,15,34
11,11,16,2
11,12,12,6145
11,12,13,3228
11,12,14,1029
11,12,15,207
11,12,16,21
11,12,17,3
11,13,13,4146
11,13,14,3050
11,13,15,830
11,13,16,146
11,13,17,21
11,13,19,1
11,14,14,3561
11,14,15,2140
11,14,16,629
11,14,17,88
11,14,18,16
11,14,19,2
11,15,15,2143
11,15,16,1509
11,15,17,371
11,15,18,100
11,15,19,15
11,15,20,3
11,16,16,1348
11,16,17,847
11,16,18,366
11,16,19,50
11,16,20,14
11,16,21,1
11,17,17,623
11,17,18,711
11,17,19,198
11,17,20,52
11,17,21,7
11,18,18,518
11,18,19,384
11,18,20,157
11,18,21,53
11,18,22,4
11,18,23,1
11,19,19,253
11,19,20,210
11,19,21,129
11,19,22,23
11,19,23,7
11,19,24,2
11,20,24,5
11,20,20,125
11,20,21,218
11,20,22,56
11,20,23,30
11,21,21,120
11,21,22,75
11,21,23,79
11,21,24,10
11,21,25,1
11,21,26,1
11,21,28,1
11,22,22,52
11,22,23,111
11,22,24,27
11,22,25,4
11,22,26,4
11,22,27,1
11,22,28,1
11,23,23,48
11,23,24,24
11,23,25,13
11,23,26,8
11,23,27,3
11,23,28,1
11,24,24,10
11,24,25,10
11,24,26,12
11,24,27,12
11,24,28,2
11,25,25,8
11,25,26,14
11,25,27,16
11,25,28,6
11,26,26,6
11,26,27,21
11,26,28,6
11,26,30,1
11,27,27,13
11,27,28,9
11,27,30,4
11,28,32,2
11,28,28,2
11,28,29,2
11,28,30,2
11,29,32,1
11,29,29,1
11,29,30,2
11,30,32,1
11,30,33,3
11,30,35,1
11,30,30,1
11,31,32,2
11,31,33,3
11,32,35,2
11,33,34,1
11,33,36,1
12,1,1,780
12,1,2,11837
12,1,3,2311
12,1,4,74
12,1,5,4
12,2,2,182539
12,2,3,56604
12,2,4,2947
12,2,5,147
12,2,6,7
12,3,3,444591
12,3,4,47775
12,3,5,3925
12,3,6,207
12,3,7,8
12,4,4,272814
12,4,5,46319
12,4,6,3881
12,4,7,236
12,4,8,14
12,4,9,1
12,5,8,309
12,5,9,17
12,5,5,197765
12,5,6,34406
12,5,7,3508
12,6,6,117460
12,6,7,26491
12,6,8,3543
12,6,9,245
12,6,10,14
12,6,11,1
12,7,8,21032
12,7,9,2395
12,7,10,220
12,7,11,23
12,7,7,75327
12,8,8,49022
12,8,9,12537
12,8,10,1872
12,8,11,230
12,8,12,14
12,8,13,1
12,9,9,26133
12,9,10,8809
12,9,11,1692
12,9,12,197
12,9,13,33
12,9,17,1
12,10,10,16113
12,10,11,6883
12,10,12,1164
12,10,13,179
12,10,14,16
12,10,15,1
12,11,11,10872
12,11,12,4355
12,11,13,1162
12,11,14,162
12,11,15,24
12,11,16,3
12,12,12,5898
12,12,13,3684
12,12,14,802
12,12,15,165
12,12,16,9
12,12,17,6
12,13,13,4671
12,13,14,2385
12,13,15,796
12,13,16,56
12,13,17,22
12,13,18,1
12,14,14,2851
12,14,15,1994
12,14,16,197
12,14,17,110
12,14,18,18
12,14,19,2
12,14,20,1
12,15,16,479
12,15,17,442
12,15,18,72
12,15,19,12
12,15,15,2070
12,16,16,531
12,16,17,897
12,16,18,279
12,16,19,82
12,16,20,6
12,16,21,2
12,17,17,800
12,17,18,490
12,17,19,234
12,17,20,24
12,17,21,17
12,17,22,1
12,18,18,365
12,18,19,471
12,18,20,72
12,18,21,75
12,18,22,13
12,18,23,2
12,19,19,327
12,19,20,117
12,19,21,201
12,19,22,43
12,19,23,3
12,20,24,3
12,20,20,80
12,20,21,309
12,20,22,109
12,20,23,23
12,21,24,13
12,21,26,1
12,21,21,176
12,21,22,157
12,21,23,50
12,22,24,30
12,22,25,8
12,22,26,2
12,22,22,83
12,22,23,94
12,23,24,48
12,23,25,17
12,23,26,9
12,23,27,3
12,23,23,38
12,24,24,11
12,24,25,24
12,24,26,9
12,24,27,2
12,24,28,1
12,25,25,6
12,25,26,10
12,25,27,10
12,25,29,2
12,26,26,5
12,26,27,4
12,26,29,8
12,26,30,2
12,26,31,1
12,27,27,2
12,27,28,1
12,27,29,11
12,27,30,5
12,27,31,2
12,28,28,1
12,28,29,11
12,28,30,9
12,28,31,1
12,29,33,1
12,29,29,4
12,29,30,3
12,30,30,2
12,30,31,2
12,31,33,1
12,32,35,2
12,33,33,1
12,33,35,3
12,34,35,1
12,35,38,1
13,1,1,780
13,1,2,12208
13,1,3,2035
13,1,4,86
13,1,5,3
13,2,2,189722
13,2,3,50039
13,2,4,3053
13,2,5,158
13,2,6,6
13,3,3,386442
13,3,4,49290
13,3,5,3795
13,3,6,233
13,3,7,6
13,4,4,276837
13,4,5,44183
13,4,6,3875
13,4,7,202
13,4,8,19
13,4,9,1
13,5,8,306
13,5,9,19
13,5,5,182721
13,5,6,33856
13,5,7,3078
13,6,8,3697
13,6,9,335
13,6,10,18
13,6,6,111361
13,6,7,23196
13,7,7,67479
13,7,8,22806
13,7,9,2765
13,7,10,227
13,7,11,24
13,7,13,1
13,8,8,54175
13,8,9,13861
13,8,10,1914
13,8,11,290
13,8,12,22
13,8,14,1
13,9,9,27869
13,9,10,8681
13,9,11,2013
13,9,12,220
13,9,13,17
13,9,14,2
13,10,10,15725
13,10,11,7870
13,10,12,1374
13,10,13,264
13,10,14,20
13,10,15,3
13,11,11,12594
13,11,12,4868
13,11,13,1526
13,11,14,189
13,11,15,21
13,11,16,2
13,12,12,6882
13,12,13,4978
13,12,14,1044
13,12,15,98
13,12,16,17
13,12,17,3
13,13,13,6417
13,13,14,2851
13,13,15,522
13,13,16,124
13,13,17,18
13,13,18,3
13,14,14,3153
13,14,15,1304
13,14,16,487
13,14,17,145
13,14,18,19
13,14,19,2
13,15,15,1212
13,15,16,1205
13,15,17,505
13,15,18,95
13,15,19,13
13,15,20,2
13,16,16,1091
13,16,17,1050
13,16,18,328
13,16,19,53
13,16,20,7
13,16,21,2
13,17,17,835
13,17,18,642
13,17,19,185
13,17,20,65
13,17,21,23
13,17,22,4
13,17,23,1
13,18,18,509
13,18,19,356
13,18,20,177
13,18,21,58
13,18,22,13
13,18,23,2
13,19,19,252
13,19,20,286
13,19,21,186
13,19,22,67
13,19,23,5
13,20,20,166
13,20,21,262
13,20,22,150
13,20,23,31
13,20,24,4
13,20,25,1
13,21,21,135
13,21,22,197
13,21,23,82
13,21,24,10
13,21,25,4
13,21,26,2
13,22,24,15
13,22,25,12
13,22,26,4
13,22,22,97
13,22,23,92
13,23,24,18
13,23,25,18
13,23,26,23
13,23,23,63
13,24,24,8
13,24,25,15
13,24,26,33
13,24,27,1
13,25,25,5
13,25,26,28
13,25,27,6
13,25,28,2
13,25,30,1
13,26,26,15
13,26,27,6
13,26,28,8
13,26,29,1
13,26,30,5
13,27,27,2
13,27,28,9
13,27,29,1
13,27,30,3
13,27,31,1
13,28,28,2
13,28,30,5
13,29,29,1
13,29,30,1
13,29,31,2
13,30,33,1
13,31,32,1
13,32,33,1
13,32,37,1
13,33,33,1
13,33,35,1
13,35,38,1
14,1,1,820
14,1,2,11857
14,1,3,2118
14,1,4,82
14,1,5,3
14,2,2,180033
14,2,3,52083
14,2,4,3202
14,2,5,148
14,2,6,5
14,3,3,411894
14,3,4,51731
14,3,5,3336
14,3,6,211
14,3,7,12
14,4,8,9
14,4,4,291513
14,4,5,40435
14,4,6,4032
14,4,7,249
14,5,5,172889
14,5,6,37194
14,5,7,3907
14,5,8,206
14,5,9,20
14,5,10,1
14,6,6,128794
14,6,7,29365
14,6,8,2722
14,6,9,350
14,6,10,31
14,6,11,1
14,6,12,2
14,7,7,84808
14,7,8,16901
14,7,9,3512
14,7,10,255
14,7,11,16
14,7,12,2
14,8,8,40193
14,8,9,17550
14,8,10,2138
14,8,11,269
14,8,12,25
14,8,13,3
14,9,9,34513
14,9,10,9892
14,9,11,1774
14,9,12,210
14,9,13,22
14,9,14,4
14,10,10,18311
14,10,11,6978
14,10,12,1405
14,10,13,255
14,10,14,19
14,10,15,3
14,11,11,10862
14,11,12,4724
14,11,13,1563
14,11,14,175
14,11,15,29
14,12,16,18
14,12,12,6035
14,12,13,5092
14,12,14,936
14,12,15,130
14,13,16,82
14,13,17,22
14,13,13,6106
14,13,14,2429
14,13,15,644
14,14,14,2765
14,14,15,1755
14,14,16,335
14,14,17,63
14,14,18,8
14,14,20,1
14,15,15,1717
14,15,16,767
14,15,17,285
14,15,18,27
14,15,19,13
14,15,20,3
14,16,16,751
14,16,17,617
14,16,18,123
14,16,19,27
14,16,20,9
14,16,21,1
14,17,17,553
14,17,18,230
14,17,19,97
14,17,20,40
14,17,21,19
14,17,22,2
14,18,18,173
14,18,19,139
14,18,20,115
14,18,21,39
14,18,22,5
14,18,23,1
14,18,24,2
14,19,19,75
14,19,20,202
14,19,21,142
14,19,22,24
14,19,23,2
14,19,24,4
14,20,20,158
14,20,21,167
14,20,22,48
14,20,23,4
14,20,24,11
14,20,25,1
14,21,21,97
14,21,22,69
14,21,23,22
14,21,24,44
14,21,25,2
14,21,26,1
14,22,22,42
14,22,23,26
14,22,24,69
14,22,25,11
14,22,26,6
14,22,27,1
14,22,28,1
14,23,24,85
14,23,25,26
14,23,26,27
14,23,27,5
14,23,23,23
14,24,24,38
14,24,25,33
14,24,26,44
14,24,27,5
14,24,28,1
14,25,25,18
14,25,26,37
14,25,27,12
14,26,26,21
14,26,27,18
14,26,28,6
14,27,27,4
14,27,28,5
14,27,29,4
14,27,30,1
14,27,31,1
14,28,28,2
14,28,29,1
14,28,30,2
14,29,29,1
14,29,31,2
14,30,33,1
14,31,32,1
14,31,33,1
14,32,33,1
15,1,1,780
15,1,2,12790
15,1,3,1894
15,1,4,83
15,1,5,4
15,2,2,202706
15,2,3,47391
15,2,4,2701
15,2,5,150
15,2,6,4
15,3,3,375296
15,3,4,44585
15,3,5,3602
15,3,6,212
15,3,7,9
15,4,4,250237
15,4,5,41265
15,4,6,3731
15,4,7,264
15,4,8,13
15,4,9,1
15,5,5,173770
15,5,6,34268
15,5,7,3859
15,5,8,237
15,5,9,11
15,5,10,1
15,6,8,2655
15,6,9,257
15,6,10,16
15,6,6,119988
15,6,7,29144
15,7,7,85065
15,7,8,16994
15,7,9,3128
15,7,10,315
15,7,11,25
15,7,12,2
15,8,8,41176
15,8,9,16526
15,8,10,2511
15,8,11,284
15,8,12,27
15,9,9,35688
15,9,10,11356
15,9,11,2165
15,9,12,223
15,9,13,16
15,9,14,1
15,9,15,1
15,10,10,20254
15,10,11,8945
15,10,12,1340
15,10,13,187
15,10,14,22
15,10,15,1
15,11,11,14687
15,11,12,4806
15,11,13,1047
15,11,14,177
15,11,15,24
15,11,16,4
15,11,17,1
15,12,12,6968
15,12,13,3217
15,12,14,880
15,12,15,150
15,12,16,11
15,12,17,3
15,13,13,4179
15,13,14,2553
15,13,15,661
15,13,16,94
15,13,17,13
15,13,18,2
15,14,14,2695
15,14,15,1627
15,14,16,381
15,14,17,75
15,14,18,13
15,14,19,1
15,15,15,1452
15,15,16,978
15,15,17,255
15,15,18,101
15,15,19,13
15,15,20,1
15,16,16,810
15,16,17,578
15,16,18,372
15,16,19,87
15,16,20,16
15,17,17,506
15,17,18,700
15,17,19,237
15,17,20,66
15,17,21,2
15,17,22,2
15,18,18,642
15,18,19,493
15,18,20,207
15,18,21,18
15,18,22,11
15,18,23,2
15,18,24,1
15,19,19,297
15,19,20,312
15,19,21,51
15,19,22,28
15,19,23,4
15,19,24,2
15,20,20,218
15,20,21,59
15,20,22,72
15,20,23,22
15,20,24,6
15,20,25,4
15,21,21,41
15,21,22,120
15,21,23,59
15,21,24,22
15,21,25,20
15,21,26,1
15,22,22,67
15,22,23,66
15,22,24,82
15,22,25,35
15,22,26,2
15,22,27,1
15,23,23,18
15,23,24,89
15,23,25,56
15,23,26,7
15,23,27,2
15,23,29,1
15,24,24,51
15,24,25,42
15,24,26,14
15,24,27,8
15,24,29,2
15,25,25,14
15,25,26,17
15,25,27,14
15,25,28,6
15,25,29,2
15,26,26,4
15,26,27,13
15,26,28,12
15,26,29,7
15,27,32,1
15,27,27,7
15,27,28,15
15,27,29,4
15,27,31,1
15,28,28,3
15,28,29,7
15,28,31,2
15,29,29,5
15,29,31,1
15,30,34,1
15,30,31,1
15,31,34,1
15,31,35,3
15,31,31,1
15,32,34,1
15,33,35,4
15,34,35,1
15,35,35,2
16,1,1,780
16,1,2,11600
16,1,3,1896
16,1,4,99
16,1,5,2
16,2,2,180910
16,2,3,49986
16,2,4,3097
16,2,5,143
16,2,6,5
16,3,3,401746
16,3,4,50498
16,3,5,3822
16,3,6,216
16,3,7,10
16,4,4,288684
16,4,5,45658
16,4,6,3770
16,4,7,228
16,4,8,18
16,4,9,2
16,5,5,197831
16,5,6,33709
16,5,7,3182
16,5,8,297
16,5,9,13
16,5,10,1
16,6,8,3390
16,6,9,260
16,6,10,26
16,6,6,113825
16,6,7,23249
16,7,7,65137
16,7,8,19595
16,7,9,2763
16,7,10,278
16,7,11,21
16,7,12,2
16,8,8,46078
16,8,9,14866
16,8,10,2439
16,8,11,253
16,8,12,23
16,9,9,31551
16,9,10,10316
16,9,11,2089
16,9,12,216
16,9,13,19
16,9,14,1
16,10,10,18065
16,10,11,7952
16,10,12,1327
16,10,13,150
16,10,14,24
16,10,15,2
16,10,16,1
16,11,11,12690
16,11,12,4589
16,11,13,977
16,11,14,199
16,11,15,24
16,11,16,2
16,12,12,5933
16,12,13,2983
16,12,14,1096
16,12,15,183
16,12,16,16
16,12,17,2
16,13,13,3872
16,13,14,3182
16,13,15,843
16,13,16,128
16,13,17,13
16,13,19,1
16,14,14,3754
16,14,15,2049
16,14,16,540
16,14,17,68
16,14,18,7
16,14,19,1
16,15,15,2152
16,15,16,1265
16,15,17,202
16,15,18,37
16,15,19,13
16,15,20,2
16,16,16,1208
16,16,17,490
16,16,18,143
16,16,19,95
16,16,20,6
16,16,21,4
16,17,17,401
16,17,18,261
16,17,19,217
16,17,20,38
16,17,21,8
16,17,22,5
16,18,18,218
16,18,19,356
16,18,20,110
16,18,21,74
16,18,22,6
16,19,19,220
16,19,20,143
16,19,21,190
16,19,22,38
16,19,23,5
16,19,24,1
16,20,24,6
16,20,20,107
16,20,21,274
16,20,22,88
16,20,23,15
16,21,21,153
16,21,22,135
16,21,23,38
16,21,24,21
16,21,25,3
16,21,27,1
16,22,24,46
16,22,25,19
16,22,26,1
16,22,22,53
16,22,23,69
16,23,24,52
16,23,25,37
16,23,26,8
16,23,27,5
16,23,23,44
16,24,24,27
16,24,25,55
16,24,26,16
16,24,27,14
16,24,28,1
16,25,25,22
16,25,26,14
16,25,27,22
16,25,28,4
16,25,30,1
16,26,26,6
16,26,27,32
16,26,28,5
16,26,29,2
16,26,30,4
16,27,27,4
16,27,28,3
16,27,29,2
16,27,30,7
16,27,31,1
16,28,28,2
16,28,29,3
16,28,30,5
16,29,29,3
16,29,30,4
16,29,31,4
16,30,31,1
16,31,32,1
16,31,34,3
16,32,33,1
16,32,34,3
16,34,36,1
16,34,37,1
16,39,40,1
17,1,1,780
17,1,2,12392
17,1,3,2133
17,1,4,99
17,1,5,3
17,2,2,189538
17,2,3,52038
17,2,4,3342
17,2,5,143
17,2,6,5
17,3,3,398505
17,3,4,51988
17,3,5,3828
17,3,6,176
17,3,7,14
17,4,4,279542
17,4,5,43247
17,4,6,3671
17,4,7,327
17,4,8,16
17,4,9,1
17,5,5,182282
17,5,6,32446
17,5,7,4410
17,5,8,266
17,5,9,20
17,5,10,3
17,5,11,1
17,6,6,111942
17,6,7,30625
17,6,8,3124
17,6,9,265
17,6,10,17
17,6,11,1
17,7,7,85902
17,7,8,20322
17,7,9,2766
17,7,10,267
17,7,11,18
17,7,12,1
17,8,8,50577
17,8,9,14745
17,8,10,2218
17,8,11,208
17,8,12,15
17,8,13,1
17,9,9,31031
17,9,10,9985
17,9,11,1531
17,9,12,199
17,9,13,20
17,9,14,3
17,10,10,18138
17,10,11,5973
17,10,12,1420
17,10,13,205
17,10,14,13
17,11,11,9288
17,11,12,5303
17,11,13,1036
17,11,14,140
17,11,15,11
17,11,16,1
17,12,16,20
17,12,12,7768
17,12,13,3168
17,12,14,796
17,12,15,117
17,13,13,3955
17,13,14,2213
17,13,15,534
17,13,16,146
17,13,17,19
17,13,18,2
17,14,14,2400
17,14,15,1310
17,14,16,483
17,14,17,146
17,14,18,11
17,14,19,2
17,15,15,1268
17,15,16,974
17,15,17,547
17,15,18,72
17,15,19,14
17,15,20,7
17,16,16,791
17,16,17,1074
17,16,18,248
17,16,19,74
17,16,20,9
17,16,21,5
17,17,17,915
17,17,18,499
17,17,19,245
17,17,20,72
17,17,21,14
17,18,18,344
17,18,19,415
17,18,20,225
17,18,21,69
17,18,22,7
17,19,19,331
17,19,20,330
17,19,21,168
17,19,22,31
17,19,23,5
17,19,24,2
17,20,20,177
17,20,21,241
17,20,22,56
17,20,23,14
17,20,24,5
17,20,27,1
17,21,24,23
17,21,25,4
17,21,21,133
17,21,22,90
17,21,23,31
17,22,22,47
17,22,23,43
17,22,24,48
17,22,25,6
17,22,26,1
17,22,27,1
17,23,24,41
17,23,25,27
17,23,26,5
17,23,28,2
17,23,23,27
17,24,24,17
17,24,25,20
17,24,26,7
17,24,27,4
17,24,28,3
17,25,25,9
17,25,26,13
17,25,27,4
17,25,28,11
17,25,29,3
17,26,26,2
17,26,27,2
17,26,28,6
17,26,29,3
17,26,30,2
17,27,27,3
17,27,28,5
17,27,29,2
17,28,28,1
17,28,29,11
17,28,30,3
17,28,31,2
17,29,33,1
17,29,29,2
17,29,30,1
17,29,31,3
17,30,33,1
17,30,31,1
17,31,35,1
17,32,33,1
17,32,34,1
17,32,35,1
17,32,36,1
17,34,35,1
17,37,40,1
18,1,1,780
18,1,2,12057
18,1,3,1979
18,1,4,100
18,1,5,4
18,1,6,1
18,2,2,187971
18,2,3,49004
18,2,4,3238
18,2,5,146
18,2,6,4
18,3,3,382863
18,3,4,52112
18,3,5,3550
18,3,6,219
18,3,7,15
18,4,8,12
18,4,4,290246
18,4,5,41008
18,4,6,3786
18,4,7,218
18,5,5,174083
18,5,6,35574
18,5,7,3452
18,5,8,304
18,5,9,21
18,5,11,1
18,6,8,3226
18,6,9,277
18,6,10,15
18,6,6,123722
18,6,7,25473
18,7,7,73220
18,7,8,20010
18,7,9,2701
18,7,10,227
18,7,11,23
18,7,12,1
18,8,8,48079
18,8,9,13226
18,8,10,2095
18,8,11,291
18,8,12,29
18,8,13,1
18,9,9,26553
18,9,10,9677
18,9,11,2013
18,9,12,250
18,9,13,16
18,10,10,17632
18,10,11,8120
18,10,12,1645
18,10,13,169
18,10,14,25
18,10,15,3
18,11,11,13205
18,11,12,5745
18,11,13,1159
18,11,14,158
18,11,15,19
18,11,16,3
18,12,12,7730
18,12,13,3419
18,12,14,800
18,12,15,171
18,12,16,25
18,12,17,3
18,13,13,4552
18,13,14,2169
18,13,15,664
18,13,16,139
18,13,17,14
18,13,18,2
18,14,14,2734
18,14,15,1651
18,14,16,576
18,14,17,95
18,14,18,17
18,14,19,2
18,14,20,1
18,15,15,1587
18,15,16,1349
18,15,17,382
18,15,18,102
18,15,19,9
18,15,20,3
18,16,16,1229
18,16,17,818
18,16,18,354
18,16,19,73
18,16,20,6
18,16,21,1
18,17,17,704
18,17,18,671
18,17,19,251
18,17,20,23
18,17,21,11
18,17,22,3
18,18,18,507
18,18,19,420
18,18,20,132
18,18,21,45
18,18,22,6
18,19,19,326
18,19,20,193
18,19,21,125
18,19,22,24
18,19,23,3
18,19,24,1
18,20,20,138
18,20,21,191
18,20,22,33
18,20,23,33
18,20,24,8
18,20,25,2
18,21,24,42
18,21,25,6
18,21,21,92
18,21,22,73
18,21,23,57
18,22,24,72
18,22,25,19
18,22,26,8
18,22,22,32
18,22,23,68
18,23,24,79
18,23,25,28
18,23,26,14
18,23,27,4
18,23,23,29
18,24,24,29
18,24,25,16
18,24,26,23
18,24,27,10
18,24,28,1
18,24,29,1
18,25,25,7
18,25,26,12
18,25,27,12
18,25,28,8
18,25,29,3
18,26,26,9
18,26,27,13
18,26,28,2
18,26,29,10
18,27,27,6
18,27,28,4
18,27,29,19
18,28,32,1
18,28,29,9
18,29,29,3
18,30,33,4
18,30,31,1
18,31,33,1
18,32,33,1
19,1,1,780
19,1,2,12506
19,1,3,2170
19,1,4,80
19,1,5,3
19,2,2,200372
19,2,3,54791
19,2,4,3019
19,2,5,140
19,2,6,4
19,3,3,425692
19,3,4,46940
19,3,5,3499
19,3,6,209
19,3,7,11
19,4,8,11
19,4,4,260039
19,4,5,39244
19,4,6,3850
19,4,7,282
19,5,5,166095
19,5,6,34543
19,5,7,4186
19,5,8,205
19,5,9,17
19,5,10,2
19,6,6,116797
19,6,7,32352
19,6,8,2520
19,6,9,251
19,6,10,26
19,6,11,1
19,7,7,96555
19,7,8,15778
19,7,9,2498
19,7,10,318
19,7,11,32
19,7,12,1
19,8,8,38777
19,8,9,12350
19,8,10,2750
19,8,11,297
19,8,12,19
19,8,13,2
19,9,9,25070
19,9,10,12350
19,9,11,2148
19,9,12,244
19,9,13,31
19,9,14,1
19,10,10,21682
19,10,11,8243
19,10,12,1539
19,10,13,240
19,10,14,29
19,10,15,1
19,11,11,12932
19,11,12,5366
19,11,13,1233
19,11,14,253
19,11,15,12
19,11,16,4
19,12,16,7
19,12,12,7366
19,12,13,3885
19,12,14,1016
19,12,15,130
19,13,13,4479
19,13,14,2723
19,13,15,506
19,13,16,97
19,13,17,15
19,13,18,3
19,14,16,339
19,14,17,85
19,14,18,23
19,14,14,2881
19,14,15,1384
19,15,15,1370
19,15,16,836
19,15,17,326
19,15,18,72
19,15,19,15
19,15,21,1
19,16,16,733
19,16,17,697
19,16,18,257
19,16,19,56
19,16,20,6
19,16,21,3
19,17,17,647
19,17,18,519
19,17,19,188
19,17,20,23
19,17,21,13
19,17,22,2
19,18,18,401
19,18,19,367
19,18,20,54
19,18,21,59
19,18,22,4
19,19,19,277
19,19,20,77
19,19,21,142
19,19,22,29
19,19,23,3
19,19,24,2
19,20,24,3
19,20,20,30
19,20,21,243
19,20,22,103
19,20,23,26
19,21,24,7
19,21,25,12
19,21,21,134
19,21,22,134
19,21,23,49
19,22,24,23
19,22,25,14
19,22,26,3
19,22,22,79
19,22,23,67
19,23,23,45
19,23,24,33
19,23,25,29
19,23,26,8
19,23,27,1
19,23,28,1
19,24,24,10
19,24,25,31
19,24,26,11
19,24,27,7
19,24,28,2
19,24,29,1
19,25,25,5
19,25,26,16
19,25,27,7
19,25,28,5
19,25,29,2
19,25,30,1
19,26,26,7
19,26,27,3
19,26,28,8
19,26,29,7
19,26,30,4
19,27,27,3
19,27,28,10
19,27,29,8
19,27,30,1
19,28,32,1
19,28,28,2
19,28,29,9
19,28,30,7
19,29,29,1
19,29,30,7
19,29,31,1
19,30,30,1
19,31,34,1
19,32,34,1
19,32,35,1
19,33,35,2
19,34,34,1
20,1,1,780
20,1,2,12352
20,1,3,2174
20,1,4,71
20,1,5,2
20,1,6,2
20,2,2,194051
20,2,3,54148
20,2,4,2976
20,2,5,125
20,2,6,5
20,3,3,429283
20,3,4,48505
20,3,5,3104
20,3,6,215
20,3,7,7
20,4,8,21
20,4,4,264063
20,4,5,36009
20,4,6,3932
20,4,7,267
20,5,5,155136
20,5,6,35426
20,5,7,3702
20,5,8,327
20,5,9,13
20,5,10,3
20,6,8,3843
20,6,9,253
20,6,10,31
20,6,6,120881
20,6,7,26777
20,7,7,76663
20,7,8,23429
20,7,9,2664
20,7,10,288
20,7,11,22
20,7,12,3
20,8,8,56225
20,8,9,14199
20,8,10,2145
20,8,11,265
20,8,12,27
20,8,13,2
20,9,9,29536
20,9,10,9622
20,9,11,1895
20,9,12,245
20,9,13,21
20,10,10,18046
20,10,11,7537
20,10,12,1347
20,10,13,190
20,10,14,23
20,10,15,2
20,11,11,11809
20,11,12,4867
20,11,13,1027
20,11,14,162
20,11,15,17
20,11,16,2
20,12,12,6391
20,12,13,3658
20,12,14,736
20,12,15,134
20,12,16,20
20,12,18,1
20,13,13,4418
20,13,14,2003
20,13,15,640
20,13,16,110
20,13,17,12
20,13,18,3
20,14,14,2432
20,14,15,1577
20,14,16,380
20,14,17,75
20,14,18,23
20,14,19,5
20,15,16,948
20,15,17,271
20,15,18,172
20,15,19,15
20,15,15,1458
20,16,16,751
20,16,17,607
20,16,18,497
20,16,19,62
20,16,20,13
20,16,21,3
20,16,22,2
20,17,17,520
20,17,18,885
20,17,19,238
20,17,20,48
20,17,21,14
20,17,22,4
20,17,23,1
20,18,18,630
20,18,19,432
20,18,20,156
20,18,21,48
20,18,22,5
20,18,23,1
20,19,19,283
20,19,20,214
20,19,21,105
20,19,22,37
20,19,23,1
20,19,24,2
20,20,20,130
20,20,21,139
20,20,22,104
20,20,23,11
20,20,24,3
20,20,25,1
20,21,24,17
20,21,25,2
20,21,21,69
20,21,22,144
20,21,23,40
20,22,24,31
20,22,25,17
20,22,26,1
20,22,22,82
20,22,23,45
20,23,23,21
20,23,24,37
20,23,25,12
20,23,26,12
20,23,27,6
20,23,28,1
20,24,24,15
20,24,25,37
20,24,26,18
20,24,27,9
20,24,28,3
20,25,25,9
20,25,26,14
20,25,27,22
20,25,28,6
20,25,29,4
20,26,26,10
20,26,27,19
20,26,28,5
20,26,29,10
20,27,27,10
20,27,28,12
20,27,29,9
20,27,30,5
20,27,31,1
20,28,28,1
20,28,29,11
20,28,30,13
20,28,31,1
20,29,32,1
20,29,33,4
20,29,29,2
20,29,30,6
20,29,31,3
20,30,33,2
20,30,30,4
20,30,31,4
20,31,33,3
20,31,31,1
20,32,33,6
20,33,36,1
20,33,37,1
21,1,1,820
21,1,2,11627
21,1,3,2254
21,1,4,84
21,1,5,3
21,2,2,179644
21,2,3,54916
21,2,4,3235
21,2,5,160
21,2,6,12
21,3,3,430408
21,3,4,52729
21,3,5,3313
21,3,6,222
21,3,7,4
21,4,8,12
21,4,4,299698
21,4,5,39531
21,4,6,3605
21,4,7,204
21,5,8,278
21,5,9,14
21,5,5,172489
21,5,6,32305
21,5,7,2887
21,6,6,111009
21,6,7,22711
21,6,8,3352
21,6,9,263
21,6,10,23
21,6,11,4
21,7,7,69024
21,7,8,19994
21,7,9,2641
21,7,10,290
21,7,11,21
21,7,12,1
21,8,8,48374
21,8,9,14319
21,8,10,2423
21,8,11,297
21,8,12,25
21,8,13,2
21,9,9,30041
21,9,10,11796
21,9,11,2007
21,9,12,212
21,9,13,15
21,9,14,2
21,10,10,21783
21,10,11,7498
21,10,12,1480
21,10,13,154
21,10,14,21
21,10,15,3
21,11,11,11494
21,11,12,5531
21,11,13,884
21,11,14,192
21,11,15,17
21,11,16,2
21,12,12,7802
21,12,13,2788
21,12,14,1069
21,12,15,169
21,12,16,17
21,12,17,3
21,13,13,3538
21,13,14,2913
21,13,15,714
21,13,16,145
21,13,17,20
21,13,18,2
21,14,14,3184
21,14,15,1757
21,14,16,583
21,14,17,110
21,14,18,13
21,14,19,1
21,15,15,1805
21,15,16,1343
21,15,17,441
21,15,18,57
21,15,19,14
21,15,20,1
21,16,16,1231
21,16,17,937
21,16,18,242
21,16,19,79
21,16,20,6
21,17,17,835
21,17,18,537
21,17,19,238
21,17,20,24
21,17,21,8
21,18,18,424
21,18,19,444
21,18,20,75
21,18,21,37
21,18,22,3
21,18,23,5
21,19,19,259
21,19,20,138
21,19,21,83
21,19,22,10
21,19,23,11
21,19,24,1
21,19,26,1
21,20,20,81
21,20,21,122
21,20,22,25
21,20,23,38
21,20,24,3
21,20,25,1
21,21,21,75
21,21,22,44
21,21,23,73
21,21,24,6
21,21,25,1
21,21,26,1
21,22,22,23
21,22,23,81
21,22,24,12
21,22,25,2
21,22,26,5
21,22,27,2
21,23,24,13
21,23,25,7
21,23,26,20
21,23,27,3
21,23,23,45
21,24,24,1
21,24,25,3
21,24,26,34
21,24,27,12
21,24,29,4
21,24,30,1
21,25,25,1
21,25,26,26
21,25,27,6
21,25,28,3
21,25,29,4
21,26,26,18
21,26,27,8
21,26,28,11
21,26,29,3
21,26,30,1
21,27,27,5
21,27,28,5
21,27,29,5
21,27,30,1
21,28,32,1
21,28,28,2
21,28,29,5
21,28,30,7
21,29,30,3
21,30,32,2
21,30,30,2
21,31,31,1
21,32,33,1
21,34,35,1
21,35,37,1
22,1,1,780
22,1,2,11749
22,1,3,1869
22,1,4,70
22,1,5,3
22,2,2,184502
22,2,3,48404
22,2,4,2938
22,2,5,148
22,2,6,2
22,3,3,391057
22,3,4,48500
22,3,5,3625
22,3,6,211
22,3,7,11
22,4,8,11
22,4,4,276137
22,4,5,44290
22,4,6,3704
22,4,7,252
22,5,8,198
22,5,9,9
22,5,5,191020
22,5,6,35638
22,5,7,3471
22,6,8,2506
22,6,9,262
22,6,10,20
22,6,6,126621
22,6,7,26515
22,7,7,76242
22,7,8,15656
22,7,9,2728
22,7,10,260
22,7,11,24
22,7,12,4
22,8,8,37909
22,8,9,14103
22,8,10,2191
22,8,11,205
22,8,12,27
22,8,13,1
22,9,9,28651
22,9,10,10580
22,9,11,1562
22,9,12,292
22,9,13,42
22,9,14,4
22,9,15,1
22,10,10,19334
22,10,11,6529
22,10,12,1907
22,10,13,257
22,10,14,22
22,10,15,3
22,11,11,10208
22,11,12,6599
22,11,13,1388
22,11,14,218
22,11,15,21
22,11,16,3
22,11,17,1
22,12,12,8937
22,12,13,4277
22,12,14,1063
22,12,15,162
22,12,16,18
22,12,17,1
22,12,18,1
22,13,13,5360
22,13,14,2741
22,13,15,597
22,13,16,134
22,13,17,24
22,13,18,2
22,14,14,3212
22,14,15,1502
22,14,16,560
22,14,17,100
22,14,18,13
22,14,19,2
22,15,15,1542
22,15,16,1319
22,15,17,387
22,15,18,63
22,15,19,12
22,15,20,1
22,16,16,1047
22,16,17,917
22,16,18,188
22,16,19,105
22,16,20,8
22,16,21,4
22,17,17,781
22,17,18,408
22,17,19,290
22,17,20,27
22,17,21,7
22,17,22,3
22,18,18,271
22,18,19,521
22,18,20,69
22,18,21,62
22,18,22,7
22,18,23,4
22,19,19,345
22,19,20,151
22,19,21,162
22,19,22,15
22,19,23,8
22,19,24,1
22,20,20,122
22,20,21,217
22,20,22,31
22,20,23,35
22,20,24,4
22,20,25,3
22,20,26,1
22,21,21,143
22,21,22,45
22,21,23,74
22,21,24,11
22,21,25,11
22,21,26,2
22,22,24,44
22,22,25,33
22,22,26,1
22,22,22,19
22,22,23,84
22,23,24,46
22,23,25,74
22,23,26,5
22,23,23,48
22,24,24,14
22,24,25,78
22,24,26,5
22,25,25,32
22,25,26,4
22,25,27,1
22,25,28,2
22,25,29,2
22,26,26,3
22,26,28,6
22,26,29,7
22,26,30,1
22,27,28,5
22,27,29,11
22,28,28,2
22,28,29,7
22,28,30,2
22,29,29,1
22,29,30,1
22,29,31,5
22,30,32,3
22,30,30,2
22,30,31,1
22,31,32,2
22,32,32,1
22,32,35,2
22,33,35,1
22,33,37,1
23,1,1,780
23,1,2,12114
23,1,3,2015
23,1,4,66
23,1,5,4
23,2,2,190452
23,2,3,49676
23,2,4,3002
23,2,5,161
23,2,6,5
23,3,3,391520
23,3,4,48397
23,3,5,3599
23,3,6,182
23,3,7,7
23,4,4,276990
23,4,5,43123
23,4,6,3581
23,4,7,221
23,4,8,18
23,4,9,2
23,5,5,189441
23,5,6,33757
23,5,7,3099
23,5,8,296
23,5,9,18
23,5,10,1
23,6,6,123503
23,6,7,22173
23,6,8,3258
23,6,9,316
23,6,10,19
23,6,11,3
23,7,8,19581
23,7,9,3055
23,7,10,299
23,7,11,20
23,7,7,64176
23,8,8,46225
23,8,9,15801
23,8,10,2585
23,8,11,245
23,8,12,22
23,8,13,2
23,9,9,32168
23,9,10,11235
23,9,11,1713
23,9,12,193
23,9,13,28
23,9,14,1
23,10,10,19531
23,10,11,6514
23,10,12,1221
23,10,13,229
23,10,14,27
23,10,15,3
23,11,11,9841
23,11,12,4391
23,11,13,1144
23,11,14,151
23,11,15,30
23,11,16,1
23,12,16,21
23,12,12,6108
23,12,13,3762
23,12,14,878
23,12,15,169
23,13,13,4846
23,13,14,2678
23,13,15,759
23,13,16,112
23,13,17,18
23,13,18,2
23,14,14,3168
23,14,15,1919
23,14,16,480
23,14,17,148
23,14,18,17
23,14,19,2
23,15,15,1776
23,15,16,1112
23,15,17,520
23,15,18,94
23,15,19,14
23,15,20,1
23,16,16,975
23,16,17,1091
23,16,18,325
23,16,19,56
23,16,20,14
23,16,21,1
23,16,22,1
23,17,17,924
23,17,18,568
23,17,19,194
23,17,20,90
23,17,22,1
23,18,18,479
23,18,19,311
23,18,20,265
23,18,21,18
23,18,22,2
23,18,23,1
23,18,24,1
23,19,19,203
23,19,20,420
23,19,21,51
23,19,22,19
23,19,23,6
23,19,24,3
23,20,20,291
23,20,21,73
23,20,22,52
23,20,23,9
23,20,24,2
23,20,25,2
23,21,21,47
23,21,22,55
23,21,23,33
23,21,24,16
23,21,25,2
23,21,26,1
23,22,22,23
23,22,23,44
23,22,24,28
23,22,25,4
23,22,26,5
23,22,27,3
23,23,24,31
23,23,25,15
23,23,26,12
23,23,27,9
23,23,23,27
23,24,24,10
23,24,25,23
23,24,26,34
23,24,27,26
23,24,28,1
23,25,25,9
23,25,26,19
23,25,27,32
23,25,28,1
23,25,29,1
23,26,32,1
23,26,26,7
23,26,27,48
23,26,28,3
23,26,29,3
23,26,31,1
23,27,27,18
23,27,28,4
23,27,29,8
23,27,30,4
23,28,28,1
23,28,29,9
23,28,30,5
23,28,31,1
23,29,32,1
23,29,34,4
23,29,30,1
23,29,31,1
23,30,32,2
23,30,34,1
23,31,32,5
23,31,34,2
23,32,32,1
23,32,34,4
23,32,36,1
23,33,34,4
23,33,36,1
23,33,38,1
23,34,36,1
23,35,38,1
23,36,38,1
23,37,39,1
24,1,1,820
24,1,2,11365
24,1,3,2102
24,1,4,75
24,1,5,3
24,1,6,1
24,2,2,178055
24,2,3,52567
24,2,4,3065
24,2,5,189
24,2,6,8
24,2,7,1
24,3,3,410461
24,3,4,49286
24,3,5,4265
24,3,6,193
24,3,7,5
24,4,8,16
24,4,4,272795
24,4,5,49125
24,4,6,3749
24,4,7,211
24,5,8,269
24,5,9,21
24,5,5,205978
24,5,6,33466
24,5,7,3002
24,6,6,114659
24,6,7,22473
24,6,8,3015
24,6,9,268
24,6,10,26
24,6,11,1
24,7,7,65686
24,7,8,18849
24,7,9,2603
24,7,10,342
24,7,11,29
24,7,12,2
24,8,8,47229
24,8,9,13605
24,8,10,2678
24,8,11,326
24,8,12,23
24,8,13,3
24,9,9,27756
24,9,10,12310
24,9,11,2151
24,9,12,211
24,9,13,18
24,9,14,1
24,10,10,21772
24,10,11,8498
24,10,12,1351
24,10,13,164
24,10,14,36
24,10,15,1
24,10,16,1
24,11,11,12866
24,11,12,4373
24,11,13,1022
24,11,14,196
24,11,15,11
24,11,16,2
24,12,12,6286
24,12,13,3346
24,12,14,965
24,12,15,144
24,12,16,27
24,12,17,1
24,12,18,1
24,13,13,4225
24,13,14,2850
24,13,15,606
24,13,16,141
24,13,17,15
24,13,18,2
24,13,19,1
24,14,14,3092
24,14,15,1507
24,14,16,595
24,14,17,107
24,14,18,25
24,14,19,1
24,15,16,1398
24,15,17,344
24,15,18,118
24,15,19,11
24,15,15,1472
24,16,16,1322
24,16,17,758
24,16,18,415
24,16,19,58
24,16,20,12
24,16,21,1
24,16,22,1
24,17,17,666
24,17,18,827
24,17,19,184
24,17,20,48
24,17,21,5
24,18,18,565
24,18,19,298
24,18,20,173
24,18,21,28
24,18,22,1
24,18,23,2
24,19,19,188
24,19,20,262
24,19,21,72
24,19,22,9
24,19,23,9
24,20,20,208
24,20,21,112
24,20,22,13
24,20,23,17
24,20,24,5
24,20,25,1
24,20,26,1
24,21,21,82
24,21,22,22
24,21,23,41
24,21,24,6
24,21,25,4
24,21,26,1
24,22,24,11
24,22,25,16
24,22,22,9
24,22,23,45
24,23,24,14
24,23,25,32
24,23,26,13
24,23,27,1
24,23,23,22
24,24,24,9
24,24,25,35
24,24,26,19
24,24,27,12
24,24,29,1
24,25,25,17
24,25,26,13
24,25,27,19
24,25,28,3
24,25,29,1
24,26,26,8
24,26,27,18
24,26,28,9
24,26,29,7
24,26,30,1
24,27,27,5
24,27,28,8
24,27,29,10
24,27,30,2
24,27,31,1
24,28,28,1
24,28,29,7
24,28,30,3
24,28,31,1
24,29,32,1
24,29,29,2
24,29,30,4
24,30,31,4
24,32,34,2
24,32,35,3
24,33,34,1
24,34,37,1
24,36,39,1
24,37,39,2
24,38,38,1
25,1,1,820
25,1,2,11610
25,1,3,2367
25,1,4,66
25,1,5,3
25,2,2,182143
25,2,3,57419
25,2,4,3118
25,2,5,165
25,2,6,9
25,2,8,1
25,3,3,448750
25,3,4,51313
25,3,5,3716
25,3,6,185
25,3,7,13
25,4,4,288709
25,4,5,42928
25,4,6,3422
25,4,7,285
25,4,8,14
25,4,9,1
25,5,8,278
25,5,9,25
25,5,5,183369
25,5,6,31948
25,5,7,3585
25,6,6,111047
25,6,7,26096
25,6,8,3155
25,6,9,276
25,6,10,14
25,6,11,1
25,7,8,19086
25,7,9,2474
25,7,10,255
25,7,11,20
25,7,7,71496
25,8,8,45362
25,8,9,12844
25,8,10,2202
25,8,11,288
25,8,12,21
25,8,13,1
25,9,9,25996
25,9,10,9857
25,9,11,2079
25,9,12,249
25,9,13,19
25,9,14,1
25,10,10,18053
25,10,11,8012
25,10,12,1605
25,10,13,145
25,10,14,18
25,10,15,4
25,11,11,12391
25,11,12,5679
25,11,13,949
25,11,14,169
25,11,15,12
25,11,16,3
25,11,17,1
25,12,12,7846
25,12,13,3165
25,12,14,765
25,12,15,108
25,12,16,14
25,12,17,2
25,13,13,4106
25,13,14,2260
25,13,15,469
25,13,16,125
25,13,17,22
25,13,18,1
25,14,14,2565
25,14,15,1125
25,14,16,419
25,14,17,159
25,14,18,9
25,14,19,1
25,15,15,1132
25,15,16,1083
25,15,17,469
25,15,18,55
25,15,19,8
25,15,20,1
25,15,21,1
25,16,16,912
25,16,17,942
25,16,18,146
25,16,19,62
25,16,20,9
25,16,21,2
25,17,17,683
25,17,18,303
25,17,19,163
25,17,20,62
25,17,21,16
25,17,22,1
25,18,18,227
25,18,19,314
25,18,20,162
25,18,21,49
25,18,22,7
25,18,23,3
25,18,24,2
25,19,19,232
25,19,20,318
25,19,21,172
25,19,22,42
25,19,23,4
25,19,24,1
25,20,20,189
25,20,21,204
25,20,22,95
25,20,23,17
25,20,24,6
25,20,25,1
25,21,21,117
25,21,22,145
25,21,23,40
25,21,24,7
25,21,25,7
25,21,26,4
25,22,22,88
25,22,23,55
25,22,24,19
25,22,25,10
25,22,26,7
25,22,27,1
25,23,23,34
25,23,24,22
25,23,25,32
25,23,26,31
25,23,27,1
25,23,28,1
25,23,29,3
25,24,24,9
25,24,25,40
25,24,26,50
25,24,27,6
25,24,28,2
25,24,29,1
25,25,25,15
25,25,26,45
25,25,27,7
25,25,28,1
25,25,29,3
25,26,26,16
25,26,27,17
25,26,28,9
25,26,29,9
25,27,27,13
25,27,28,4
25,27,29,13
25,27,30,2
25,28,28,4
25,28,29,10
25,28,30,1
25,29,32,1
25,29,29,6
25,29,30,3
25,30,33,1
25,30,30,4
25,31,32,2
26,1,1,820
26,1,2,11824
26,1,3,2372
26,1,4,89
26,1,5,2
26,2,2,183176
26,2,3,57887
26,2,4,3699
26,2,5,113
26,2,6,10
26,3,3,432269
26,3,4,56409
26,3,5,3487
26,3,6,210
26,3,7,7
26,4,4,316081
26,4,5,40500
26,4,6,3546
26,4,7,238
26,4,8,14
26,4,9,1
26,5,8,334
26,5,9,20
26,5,5,174028
26,5,6,32691
26,5,7,3409
26,6,8,3888
26,6,9,245
26,6,10,14
26,6,6,115619
26,6,7,24998
26,7,7,71029
26,7,8,23649
26,7,9,2446
26,7,10,236
26,7,11,14
26,7,12,3
26,8,8,55143
26,8,9,12721
26,8,10,1999
26,8,11,251
26,8,12,26
26,8,13,3
26,9,9,26472
26,9,10,9637
26,9,11,1756
26,9,12,246
26,9,13,23
26,9,14,2
26,10,10,18249
26,10,11,6514
26,10,12,1404
26,10,13,198
26,10,14,30
26,10,15,1
26,11,11,10575
26,11,12,4614
26,11,13,1053
26,11,14,235
26,11,15,37
26,11,17,1
26,12,12,6268
26,12,13,2990
26,12,14,1051
26,12,15,147
26,12,16,12
26,12,17,1
26,13,13,3359
26,13,14,2800
26,13,15,673
26,13,16,98
26,13,17,8
26,13,18,1
26,14,14,2668
26,14,15,1573
26,14,16,426
26,14,17,89
26,14,18,4
26,14,19,2
26,15,15,1574
26,15,16,1002
26,15,17,347
26,15,18,39
26,15,19,22
26,15,20,1
26,16,16,877
26,16,17,660
26,16,18,155
26,16,19,62
26,16,20,13
26,16,22,1
26,17,17,547
26,17,18,339
26,17,19,177
26,17,20,49
26,17,21,6
26,17,22,3
26,17,23,1
26,18,18,282
26,18,19,344
26,18,20,148
26,18,21,10
26,18,22,14
26,18,23,1
26,18,24,1
26,19,19,254
26,19,20,278
26,19,21,65
26,19,22,53
26,19,23,4
26,19,24,3
26,20,20,141
26,20,21,86
26,20,22,124
26,20,23,21
26,20,24,2
26,20,25,3
26,21,21,43
26,21,22,159
26,21,23,40
26,21,24,18
26,21,25,3
26,21,26,1
26,22,24,31
26,22,25,9
26,22,26,2
26,22,22,52
26,22,23,57
26,23,24,32
26,23,25,13
26,23,26,13
26,23,23,29
26,24,24,18
26,24,25,13
26,24,26,25
26,24,27,4
26,24,28,1
26,25,25,4
26,25,26,28
26,25,27,11
26,25,28,1
26,25,29,1
26,26,26,9
26,26,27,12
26,26,28,2
26,26,29,3
26,26,30,4
26,27,27,1
26,27,28,5
26,27,29,1
26,27,30,10
26,27,31,1
26,28,33,1
26,28,28,1
26,28,29,1
26,28,30,7
26,28,31,2
26,29,32,3
26,29,33,1
26,29,30,11
26,30,32,3
26,30,33,3
26,30,30,4
26,31,33,2
26,32,33,3
26,32,34,1
26,35,37,1
27,1,1,741
27,1,2,11476
27,1,3,1917
27,1,4,96
27,1,5,3
27,2,2,178560
27,2,3,49502
27,2,4,3277
27,2,5,160
27,2,6,5
27,3,3,394621
27,3,4,52726
27,3,5,3858
27,3,6,172
27,3,7,7
27,4,8,11
27,4,4,294604
27,4,5,45800
27,4,6,3775
27,4,7,291
27,5,5,195529
27,5,6,33922
27,5,7,3765
27,5,8,287
27,5,9,14
27,5,10,1
27,6,6,119206
27,6,7,27330
27,6,8,3244
27,6,9,274
27,6,10,15
27,6,12,1
27,7,7,76487
27,7,8,19953
27,7,9,2553
27,7,10,211
27,7,11,24
27,7,13,1
27,8,8,49276
27,8,9,13072
27,8,10,1963
27,8,11,260
27,8,12,15
27,8,13,2
27,9,9,26865
27,9,10,8963
27,9,11,1804
27,9,12,229
27,9,13,25
27,9,14,4
27,10,10,16108
27,10,11,7495
27,10,12,1417
27,10,13,205
27,10,14,25
27,10,15,5
27,11,11,11945
27,11,12,5119
27,11,13,1094
27,11,14,201
27,11,15,23
27,11,16,1
27,12,12,7415
27,12,13,3254
27,12,14,990
27,12,15,161
27,12,16,20
27,12,17,8
27,13,13,3804
27,13,14,2638
27,13,15,713
27,13,16,125
27,13,17,34
27,13,18,7
27,14,14,2928
27,14,15,1848
27,14,16,485
27,14,17,199
27,14,18,21
27,14,19,2
27,15,16,1102
27,15,17,652
27,15,18,79
27,15,19,17
27,15,15,1906
27,16,16,895
27,16,17,1279
27,16,18,303
27,16,19,59
27,16,20,10
27,16,21,1
27,17,17,988
27,17,18,542
27,17,19,209
27,17,20,44
27,17,21,5
27,18,18,374
27,18,19,349
27,18,20,102
27,18,21,15
27,19,19,225
27,19,20,169
27,19,21,78
27,19,22,14
27,19,23,6
27,19,24,2
27,20,20,81
27,20,21,125
27,20,22,35
27,20,23,23
27,20,24,4
27,20,25,3
27,21,24,14
27,21,25,7
27,21,21,76
27,21,22,54
27,21,23,34
27,22,22,33
27,22,23,47
27,22,24,25
27,22,25,17
27,22,26,2
27,22,28,1
27,23,24,35
27,23,25,39
27,23,26,7
27,23,27,5
27,23,23,26
27,24,24,11
27,24,25,41
27,24,26,14
27,24,27,5
27,24,28,3
27,25,25,13
27,25,26,19
27,25,27,6
27,25,28,5
27,25,29,1
27,26,26,3
27,26,27,9
27,26,28,12
27,26,29,10
27,26,30,2
27,26,31,1
27,27,32,1
27,27,27,3
27,27,28,5
27,27,29,8
27,27,30,2
27,27,31,1
27,28,33,1
27,28,28,2
27,28,29,8
27,28,30,6
27,29,32,1
27,29,33,3
27,29,29,1
27,29,30,5
27,29,31,1
27,30,32,1
27,30,33,2
27,31,33,3
27,31,36,2
27,32,33,1
27,32,35,1
27,32,36,1
27,33,36,5
27,34,36,5
27,34,37,1
27,35,36,2
27,38,40,1
28,1,1,820
28,1,2,12066
28,1,3,2035
28,1,4,82
28,1,5,3
28,2,2,187330
28,2,3,50055
28,2,4,2688
28,2,5,129
28,2,6,7
28,3,3,390180
28,3,4,43432
28,3,5,3805
28,3,6,178
28,3,7,15
28,4,4,244501
28,4,5,44317
28,4,6,3493
28,4,7,327
28,4,8,19
28,4,9,2
28,5,5,192217
28,5,6,31944
28,5,7,4150
28,5,8,253
28,5,9,14
28,5,10,2
28,6,6,109908
28,6,7,29275
28,6,8,2964
28,6,9,256
28,6,10,18
28,6,11,2
28,7,7,80236
28,7,8,17921
28,7,9,2609
28,7,10,244
28,7,11,21
28,7,12,5
28,8,8,43463
28,8,9,13976
28,8,10,2321
28,8,11,256
28,8,12,50
28,8,13,3
28,9,9,29808
28,9,10,11080
28,9,11,1820
28,9,12,343
28,9,13,13
28,9,14,1
28,10,10,21315
28,10,11,7089
28,10,12,2229
28,10,13,204
28,10,14,28
28,10,15,2
28,11,11,10712
28,11,12,7998
28,11,13,990
28,11,14,183
28,11,15,24
28,11,16,5
28,11,17,1
28,12,12,11320
28,12,13,3122
28,12,14,1112
28,12,15,238
28,12,16,14
28,12,17,1
28,12,18,1
28,13,13,3924
28,13,14,3020
28,13,15,1004
28,13,16,84
28,13,17,9
28,13,18,2
28,14,14,3406
28,14,15,2574
28,14,16,432
28,14,17,65
28,14,18,11
28,14,19,1
28,15,15,2599
28,15,16,938
28,15,17,269
28,15,18,53
28,15,19,19
28,15,20,1
28,16,16,873
28,16,17,573
28,16,18,163
28,16,19,78
28,16,20,21
28,16,22,1
28,17,17,513
28,17,18,340
28,17,19,203
28,17,20,53
28,17,21,5
28,17,22,1
28,18,18,210
28,18,19,385
28,18,20,195
28,18,21,15
28,18,22,7
28,19,19,260
28,19,20,303
28,19,21,52
28,19,22,19
28,19,23,9
28,19,24,3
28,20,20,168
28,20,21,79
28,20,22,53
28,20,23,45
28,20,24,3
28,20,25,1
28,20,26,1
28,21,21,59
28,21,22,85
28,21,23,112
28,21,24,11
28,21,25,5
28,21,27,2
28,22,22,65
28,22,23,144
28,22,24,26
28,22,25,24
28,22,26,7
28,22,27,1
28,23,23,68
28,23,24,25
28,23,25,29
28,23,26,15
28,23,27,5
28,23,28,1
28,24,24,10
28,24,25,56
28,24,26,35
28,24,27,7
28,24,29,2
28,25,25,21
28,25,26,32
28,25,27,9
28,25,28,1
28,25,29,1
28,26,26,15
28,26,27,9
28,26,28,12
28,26,29,1
28,26,30,1
28,26,31,1
28,27,32,1
28,27,27,3
28,27,28,7
28,27,29,13
28,28,32,1
28,28,29,7
28,28,30,2
28,29,32,1
28,29,33,2
28,29,29,4
28,30,32,1
28,30,33,3
28,31,32,2
28,31,34,1
28,32,33,3
28,32,34,1
28,33,33,2
28,33,34,1
