lexicon,lev, length_count, neighbors
real,0,8,1
real,0,4,183
real,0,5,54
real,0,6,18
real,0,7,2
real,1,8,2
real,1,4,6953
real,1,5,1126
real,1,6,118
real,1,7,19
real,2,8,11
real,2,4,60291
real,2,5,8751
real,2,6,717
real,2,7,57
real,3,8,29
real,3,4,376449
real,3,5,54834
real,3,6,4738
real,3,7,428
real,4,8,136
real,4,4,1551127
real,4,5,245566
real,4,6,25807
real,4,7,2290
real,5,8,594
real,5,5,641179
real,5,6,95731
real,5,7,10529
real,6,8,2296
real,6,6,191672
real,6,7,32651
real,7,8,6047
real,7,7,48854
real,8,8,6994
0,0,8,19
0,0,4,1196
0,0,5,738
0,0,6,371
0,0,7,95
0,1,8,6
0,1,4,7496
0,1,5,1423
0,1,6,126
0,1,7,23
0,2,8,10
0,2,4,64099
0,2,5,10200
0,2,6,722
0,2,7,72
0,3,8,19
0,3,4,389896
0,3,5,62223
0,3,6,5006
0,3,7,373
0,4,8,113
0,4,4,1532316
0,4,5,256864
0,4,6,26561
0,4,7,2089
0,5,8,434
0,5,5,620062
0,5,6,93432
0,5,7,9855
0,6,8,1934
0,6,6,192583
0,6,7,31580
0,7,8,5632
0,7,7,50743
0,8,8,7943
1,0,8,10
1,0,4,1171
1,0,5,757
1,0,6,372
1,0,7,99
1,1,8,3
1,1,4,7350
1,1,5,1501
1,1,6,152
1,1,7,32
1,2,8,6
1,2,4,62795
1,2,5,10428
1,2,6,814
1,2,7,79
1,3,8,29
1,3,4,392929
1,3,5,60962
1,3,6,4833
1,3,7,371
1,4,8,89
1,4,4,1530758
1,4,5,256538
1,4,6,26199
1,4,7,2013
1,5,8,485
1,5,5,621324
1,5,6,94174
1,5,7,9497
1,6,8,1852
1,6,6,192257
1,6,7,31491
1,7,8,5682
1,7,7,51248
1,8,8,7954
2,0,8,11
2,0,4,1266
2,0,5,815
2,0,6,405
2,0,7,115
2,1,8,6
2,1,4,7539
2,1,5,1468
2,1,6,134
2,1,7,21
2,2,8,8
2,2,4,64493
2,2,5,10245
2,2,6,823
2,2,7,57
2,3,8,15
2,3,4,387497
2,3,5,60920
2,3,6,5211
2,3,7,400
2,4,8,97
2,4,4,1534208
2,4,5,252837
2,4,6,27673
2,4,7,2214
2,5,8,515
2,5,5,625225
2,5,6,95559
2,5,7,9900
2,6,8,2166
2,6,6,188996
2,6,7,31782
2,7,8,5861
2,7,7,50341
2,8,8,7431
3,0,8,9
3,0,4,1119
3,0,5,705
3,0,6,368
3,0,7,116
3,1,8,5
3,1,4,7775
3,1,5,1327
3,1,6,121
3,1,7,21
3,2,8,9
3,2,4,65411
3,2,5,10203
3,2,6,814
3,2,7,68
3,3,8,19
3,3,4,394165
3,3,5,61341
3,3,6,5577
3,3,7,396
3,4,8,88
3,4,4,1526533
3,4,5,257291
3,4,6,28528
3,4,7,1998
3,5,8,489
3,5,5,620643
3,5,6,95097
3,5,7,9790
3,6,8,2017
3,6,6,188296
3,6,7,31224
3,7,8,5623
3,7,7,51217
3,8,8,7851
4,0,8,13
4,0,4,1141
4,0,5,747
4,0,6,392
4,0,7,123
4,1,8,4
4,1,4,7250
4,1,5,1642
4,1,6,102
4,1,7,19
4,2,8,14
4,2,4,63577
4,2,5,10133
4,2,6,1016
4,2,7,94
4,3,8,30
4,3,4,390152
4,3,5,60608
4,3,6,5732
4,3,7,343
4,4,8,96
4,4,4,1532883
4,4,5,260193
4,4,6,28169
4,4,7,2125
4,5,8,448
4,5,5,618187
4,5,6,96549
4,5,7,9648
4,6,8,1897
4,6,6,186841
4,6,7,30721
4,7,8,5788
4,7,7,51757
4,8,8,7820
5,0,8,16
5,0,4,1130
5,0,5,688
5,0,6,368
5,0,7,129
5,1,8,4
5,1,4,6940
5,1,5,1470
5,1,6,110
5,1,7,17
5,2,8,17
5,2,4,64693
5,2,5,9968
5,2,6,879
5,2,7,79
5,3,8,20
5,3,4,388703
5,3,5,60787
5,3,6,5515
5,3,7,340
5,4,8,76
5,4,4,1533537
5,4,5,259868
5,4,6,28698
5,4,7,2098
5,5,8,547
5,5,5,618729
5,5,6,99732
5,5,7,9474
5,6,8,2074
5,6,6,183499
5,6,7,30927
5,7,8,5829
5,7,7,51766
5,8,8,7527
6,0,8,11
6,0,4,1166
6,0,5,768
6,0,6,330
6,0,7,114
6,1,8,2
6,1,4,7724
6,1,5,1377
6,1,6,121
6,1,7,10
6,2,8,12
6,2,4,67184
6,2,5,10221
6,2,6,783
6,2,7,72
6,3,8,27
6,3,4,391789
6,3,5,62399
6,3,6,4855
6,3,7,355
6,4,8,88
6,4,4,1527140
6,4,5,255238
6,4,6,26999
6,4,7,2197
6,5,8,438
6,5,5,621507
6,5,6,95383
6,5,7,9788
6,6,8,2009
6,6,6,190330
6,6,7,31098
6,7,8,5711
6,7,7,51196
6,8,8,7812
7,0,8,14
7,0,4,1125
7,0,5,768
7,0,6,375
7,0,7,104
7,1,8,2
7,1,4,7737
7,1,5,1437
7,1,6,126
7,1,7,28
7,2,8,15
7,2,4,62171
7,2,5,9525
7,2,6,819
7,2,7,65
7,3,8,23
7,3,4,384875
7,3,5,57705
7,3,6,5205
7,3,7,338
7,4,8,82
7,4,4,1539095
7,4,5,248077
7,4,6,26877
7,4,7,1810
7,5,8,468
7,5,5,633998
7,5,6,96613
7,5,7,8984
7,6,8,1958
7,6,6,188786
7,6,7,31272
7,7,8,5867
7,7,7,52229
7,8,8,7681
8,0,8,16
8,0,4,1134
8,0,5,727
8,0,6,364
8,0,7,116
8,1,8,4
8,1,4,7227
8,1,5,1375
8,1,6,141
8,1,7,17
8,2,8,18
8,2,4,61921
8,2,5,9959
8,2,6,866
8,2,7,73
8,3,8,38
8,3,4,379974
8,3,5,60703
8,3,6,5168
8,3,7,399
8,4,8,78
8,4,4,1544747
8,4,5,254938
8,4,6,26790
8,4,7,2261
8,5,8,465
8,5,5,623808
8,5,6,93385
8,5,7,10503
8,6,8,1903
8,6,6,192087
8,6,7,32107
8,7,8,5712
8,7,7,49354
8,8,8,7876
9,0,8,28
9,0,4,1129
9,0,5,744
9,0,6,434
9,0,7,107
9,1,8,1
9,1,4,7401
9,1,5,1352
9,1,6,110
9,1,7,18
9,2,8,10
9,2,4,63105
9,2,5,9732
9,2,6,925
9,2,7,101
9,3,8,21
9,3,4,391524
9,3,5,60863
9,3,6,5394
9,3,7,388
9,4,8,102
9,4,4,1531844
9,4,5,255432
9,4,6,27735
9,4,7,2072
9,5,8,409
9,5,5,623387
9,5,6,96530
9,5,7,9944
9,6,8,1879
9,6,6,187673
9,6,7,33231
9,7,8,5507
9,7,7,48969
9,8,8,8153
10,0,8,12
10,0,4,1100
10,0,5,746
10,0,6,423
10,0,7,107
10,1,8,2
10,1,4,7409
10,1,5,1347
10,1,6,148
10,1,7,20
10,2,8,23
10,2,4,64907
10,2,5,9435
10,2,6,736
10,2,7,99
10,3,8,35
10,3,4,393515
10,3,5,59311
10,3,6,5429
10,3,7,273
10,4,8,89
10,4,4,1528072
10,4,5,257111
10,4,6,28435
10,4,7,1809
10,5,8,470
10,5,5,623560
10,5,6,96409
10,5,7,9290
10,6,8,1986
10,6,6,187221
10,6,7,31149
10,7,8,5615
10,7,7,52083
10,8,8,7878
11,0,8,9
11,0,4,1258
11,0,5,833
11,0,6,417
11,0,7,105
11,1,8,1
11,1,4,7429
11,1,5,1348
11,1,6,117
11,1,7,15
11,2,8,10
11,2,4,63188
11,2,5,9489
11,2,6,914
11,2,7,66
11,3,8,31
11,3,4,380127
11,3,5,60948
11,3,6,5739
11,3,7,332
11,4,8,80
11,4,4,1543001
11,4,5,263904
11,4,6,28013
11,4,7,1994
11,5,8,406
11,5,5,614988
11,5,6,94504
11,5,7,9545
11,6,8,1946
11,6,6,189097
11,6,7,31119
11,7,8,5784
11,7,7,51654
11,8,8,7843
12,0,8,15
12,0,4,1229
12,0,5,765
12,0,6,370
12,0,7,111
12,1,8,4
12,1,4,7546
12,1,5,1435
12,1,6,139
12,1,7,22
12,2,8,7
12,2,4,66893
12,2,5,9629
12,2,6,888
12,2,7,60
12,3,8,21
12,3,4,402662
12,3,5,60476
12,3,6,5577
12,3,7,329
12,4,8,77
12,4,4,1516673
12,4,5,250953
12,4,6,28913
12,4,7,1899
12,5,8,433
12,5,5,628252
12,5,6,100244
12,5,7,9521
12,6,8,2056
12,6,6,182670
12,6,7,30690
12,7,8,5595
12,7,7,52198
12,8,8,7902
13,0,8,11
13,0,4,1172
13,0,5,769
13,0,6,348
13,0,7,118
13,1,8,2
13,1,4,7937
13,1,5,1207
13,1,6,144
13,1,7,24
13,2,8,13
13,2,4,65115
13,2,5,9759
13,2,6,748
13,2,7,77
13,3,8,31
13,3,4,395381
13,3,5,60201
13,3,6,4846
13,3,7,381
13,4,8,89
13,4,4,1525398
13,4,5,249260
13,4,6,26346
13,4,7,2122
13,5,8,483
13,5,5,630314
13,5,6,97670
13,5,7,9529
13,6,8,2042
13,6,6,188699
13,6,7,32168
13,7,8,5930
13,7,7,50411
13,8,8,7509
14,0,8,13
14,0,4,1160
14,0,5,648
14,0,6,332
14,0,7,123
14,1,8,3
14,1,4,7652
14,1,5,1248
14,1,6,101
14,1,7,24
14,2,8,5
14,2,4,64882
14,2,5,9629
14,2,6,748
14,2,7,60
14,3,8,23
14,3,4,393315
14,3,5,57497
14,3,6,4853
14,3,7,372
14,4,8,83
14,4,4,1527994
14,4,5,252004
14,4,6,25434
14,4,7,2117
14,5,8,433
14,5,5,630484
14,5,6,94864
14,5,7,9938
14,6,8,1890
14,6,6,192469
14,6,7,31600
14,7,8,5764
14,7,7,50596
14,8,8,7896
15,0,8,18
15,0,4,1127
15,0,5,696
15,0,6,377
15,0,7,121
15,1,8,10
15,1,4,7702
15,1,5,1193
15,1,6,177
15,1,7,28
15,2,8,15
15,2,4,64961
15,2,5,9829
15,2,6,827
15,2,7,90
15,3,8,33
15,3,4,387497
15,3,5,59986
15,3,6,5141
15,3,7,338
15,4,8,94
15,4,4,1533716
15,4,5,252558
15,4,6,26334
15,4,7,2007
15,5,8,486
15,5,5,627248
15,5,6,94004
15,5,7,9655
15,6,8,1953
15,6,6,191941
15,6,7,31210
15,7,8,5816
15,7,7,51381
15,8,8,7685
16,0,8,16
16,0,4,1104
16,0,5,768
16,0,6,382
16,0,7,119
16,1,8,7
16,1,4,7370
16,1,5,1481
16,1,6,177
16,1,7,15
16,2,8,9
16,2,4,63029
16,2,5,10003
16,2,6,861
16,2,7,66
16,3,8,24
16,3,4,388851
16,3,5,60229
16,3,6,5757
16,3,7,376
16,4,8,66
16,4,4,1534649
16,4,5,249676
16,4,6,28674
16,4,7,1786
16,5,8,457
16,5,5,629353
16,5,6,93475
16,5,7,9656
16,6,8,1908
16,6,6,189475
16,6,7,32072
16,7,8,5696
16,7,7,50740
16,8,8,7927
17,0,8,13
17,0,4,1060
17,0,5,752
17,0,6,372
17,0,7,117
17,1,8,2
17,1,4,7472
17,1,5,1442
17,1,6,176
17,1,7,22
17,2,8,14
17,2,4,65400
17,2,5,9955
17,2,6,843
17,2,7,62
17,3,8,26
17,3,4,390095
17,3,5,61396
17,3,6,5798
17,3,7,395
17,4,8,70
17,4,4,1530976
17,4,5,257286
17,4,6,29117
17,4,7,1905
17,5,8,424
17,5,5,620679
17,5,6,99900
17,5,7,10173
17,6,8,2001
17,6,6,182595
17,6,7,31944
17,7,8,5547
17,7,7,50212
17,8,8,8013
18,0,8,16
18,0,4,1200
18,0,5,738
18,0,6,367
18,0,7,87
18,1,8,5
18,1,4,7440
18,1,5,1414
18,1,6,162
18,1,7,18
18,2,8,15
18,2,4,66536
18,2,5,10631
18,2,6,908
18,2,7,68
18,3,8,19
18,3,4,394287
18,3,5,61544
18,3,6,5050
18,3,7,409
18,4,8,75
18,4,4,1525540
18,4,5,255656
18,4,6,26308
18,4,7,2167
18,5,8,468
18,5,5,621527
18,5,6,97130
18,5,7,10067
18,6,8,2055
18,6,6,188876
18,6,7,31780
18,7,8,5758
18,7,7,50234
18,8,8,7699
19,0,8,10
19,0,4,1167
19,0,5,744
19,0,6,387
19,0,7,100
19,1,8,1
19,1,4,7524
19,1,5,1570
19,1,6,150
19,1,7,17
19,2,8,12
19,2,4,64568
19,2,5,10534
19,2,6,951
19,2,7,61
19,3,8,24
19,3,4,396226
19,3,5,63561
19,3,6,5570
19,3,7,392
19,4,8,91
19,4,4,1525518
19,4,5,260321
19,4,6,29053
19,4,7,1919
19,5,8,437
19,5,5,614780
19,5,6,97659
19,5,7,9550
19,6,8,1897
19,6,6,185031
19,6,7,32112
19,7,8,5775
19,7,7,50679
19,8,8,7863
20,0,8,8
20,0,4,1179
20,0,5,748
20,0,6,387
20,0,7,103
20,1,8,4
20,1,4,7813
20,1,5,1473
20,1,6,141
20,1,7,18
20,2,8,17
20,2,4,63146
20,2,5,10695
20,2,6,777
20,2,7,84
20,3,8,20
20,3,4,386988
20,3,5,62447
20,3,6,5199
20,3,7,371
20,4,8,92
20,4,4,1535877
20,4,5,257532
20,4,6,27476
20,4,7,2044
20,5,8,487
20,5,5,618615
20,5,6,97072
20,5,7,9154
20,6,8,2068
20,6,6,187749
20,6,7,31523
20,7,8,5889
20,7,7,51533
20,8,8,7525
21,0,8,14
21,0,4,1123
21,0,5,730
21,0,6,356
21,0,7,144
21,1,8,2
21,1,4,7329
21,1,5,1556
21,1,6,113
21,1,7,25
21,2,8,10
21,2,4,63730
21,2,5,9805
21,2,6,701
21,2,7,82
21,3,8,34
21,3,4,388530
21,3,5,61371
21,3,6,5298
21,3,7,430
21,4,8,77
21,4,4,1534291
21,4,5,253012
21,4,6,27415
21,4,7,2034
21,5,8,463
21,5,5,625036
21,5,6,98238
21,5,7,9943
21,6,8,1978
21,6,6,186680
21,6,7,30805
21,7,8,5578
21,7,7,51367
21,8,8,7954
22,0,8,15
22,0,4,1194
22,0,5,778
22,0,6,369
22,0,7,109
22,1,8,3
22,1,4,7708
22,1,5,1279
22,1,6,130
22,1,7,14
22,2,8,21
22,2,4,63761
22,2,5,9647
22,2,6,881
22,2,7,89
22,3,8,44
22,3,4,389994
22,3,5,58479
22,3,6,5763
22,3,7,377
22,4,8,125
22,4,4,1532346
22,4,5,250955
22,4,6,27757
22,4,7,2100
22,5,8,481
22,5,5,630372
22,5,6,97898
22,5,7,9583
22,6,8,2054
22,6,6,186003
22,6,7,31386
22,7,8,5766
22,7,7,51172
22,8,8,7601
23,0,8,20
23,0,4,1129
23,0,5,752
23,0,6,327
23,0,7,141
23,1,8,2
23,1,4,7181
23,1,5,1626
23,1,6,115
23,1,7,17
23,2,8,19
23,2,4,64490
23,2,5,10612
23,2,6,782
23,2,7,73
23,3,8,33
23,3,4,392425
23,3,5,61853
23,3,6,5015
23,3,7,391
23,4,8,123
23,4,4,1529778
23,4,5,253593
23,4,6,26157
23,4,7,2218
23,5,8,526
23,5,5,623074
23,5,6,95961
23,5,7,9933
23,6,8,2065
23,6,6,190444
23,6,7,31796
23,7,8,5837
23,7,7,50261
23,8,8,7485
24,0,8,23
24,0,4,1143
24,0,5,731
24,0,6,411
24,0,7,113
24,1,8,4
24,1,4,7481
24,1,5,1285
24,1,6,108
24,1,7,28
24,2,8,13
24,2,4,62096
24,2,5,9718
24,2,6,808
24,2,7,74
24,3,8,35
24,3,4,386398
24,3,5,59073
24,3,6,5861
24,3,7,353
24,4,8,59
24,4,4,1537885
24,4,5,251112
24,4,6,27383
24,4,7,1973
24,5,8,462
24,5,5,629591
24,5,6,95308
24,5,7,9679
24,6,8,1868
24,6,6,188922
24,6,7,31294
24,7,8,5568
24,7,7,51316
24,8,8,8078
25,0,8,9
25,0,4,1174
25,0,5,707
25,0,6,352
25,0,7,129
25,1,8,3
25,1,4,7339
25,1,5,1457
25,1,6,138
25,1,7,18
25,2,8,9
25,2,4,63765
25,2,5,10422
25,2,6,752
25,2,7,85
25,3,8,34
25,3,4,388216
25,3,5,60970
25,3,6,5135
25,3,7,354
25,4,8,87
25,4,4,1534509
25,4,5,255051
25,4,6,26700
25,4,7,1880
25,5,8,497
25,5,5,622903
25,5,6,95716
25,5,7,9442
25,6,8,2025
25,6,6,190008
25,6,7,31968
25,7,8,5816
25,7,7,50954
25,8,8,7630
26,0,8,17
26,0,4,1122
26,0,5,711
26,0,6,363
26,0,7,122
26,1,8,4
26,1,4,7378
26,1,5,1387
26,1,6,181
26,1,7,22
26,2,8,16
26,2,4,63228
26,2,5,9799
26,2,6,774
26,2,7,72
26,3,8,20
26,3,4,388511
26,3,5,61152
26,3,6,5053
26,3,7,369
26,4,8,96
26,4,4,1534764
26,4,5,256019
26,4,6,25832
26,4,7,2048
26,5,8,513
26,5,5,622442
26,5,6,93654
26,5,7,9764
26,6,8,2127
26,6,6,192944
26,6,7,30914
26,7,8,5926
26,7,7,51519
26,8,8,7391
27,0,8,19
27,0,4,1171
27,0,5,780
27,0,6,392
27,0,7,98
27,1,8,4
27,1,4,7625
27,1,5,1407
27,1,6,105
27,1,7,21
27,2,8,10
27,2,4,65090
27,2,5,10422
27,2,6,777
27,2,7,49
27,3,8,17
27,3,4,395503
27,3,5,62432
27,3,6,5300
27,3,7,351
27,4,8,81
27,4,4,1525614
27,4,5,255204
27,4,6,27209
27,4,7,1974
27,5,8,501
27,5,5,621265
27,5,6,95806
27,5,7,9952
27,6,8,1955
27,6,6,189212
27,6,7,31965
27,7,8,5660
27,7,7,50420
27,8,8,7863
28,0,8,14
28,0,4,1178
28,0,5,783
28,0,6,351
28,0,7,125
28,1,8,3
28,1,4,7624
28,1,5,1508
28,1,6,169
28,1,7,9
28,2,8,13
28,2,4,62784
28,2,5,10458
28,2,6,834
28,2,7,55
28,3,8,20
28,3,4,383599
28,3,5,61897
28,3,6,5008
28,3,7,375
28,4,8,99
28,4,4,1539818
28,4,5,251245
28,4,6,26841
28,4,7,1996
28,5,8,480
28,5,5,625619
28,5,6,96398
28,5,7,10247
28,6,8,2011
28,6,6,189200
28,6,7,31591
28,7,8,5806
28,7,7,50432
28,8,8,7664
29,0,8,26
29,0,4,1223
29,0,5,767
29,0,6,408
29,0,7,105
29,1,8,1
29,1,4,7256
29,1,5,1640
29,1,6,144
29,1,7,21
29,2,8,12
29,2,4,63023
29,2,5,10822
29,2,6,787
29,2,7,95
29,3,8,34
29,3,4,392124
29,3,5,62061
29,3,6,5858
29,3,7,387
29,4,8,112
29,4,4,1531377
29,4,5,257414
29,4,6,28647
29,4,7,2233
29,5,8,535
29,5,5,618806
29,5,6,97099
29,5,7,10573
29,6,8,2093
29,6,6,185858
29,6,7,32271
29,7,8,5705
29,7,7,49145
29,8,8,7592
