lexicon,lev, length_count, neighbors
real,0,2,94
real,0,3,303
real,0,4,183
real,0,5,54
real,0,6,18
real,0,7,2
real,0,8,1
real,1,2,2599
real,1,3,17107
real,1,4,6953
real,1,5,1126
real,1,6,118
real,1,7,19
real,1,8,2
real,2,2,21617
real,2,3,215976
real,2,4,60291
real,2,5,8751
real,2,6,717
real,2,7,57
real,2,8,11
real,3,3,1160229
real,3,4,376449
real,3,5,54834
real,3,6,4738
real,3,7,428
real,3,8,29
real,4,8,136
real,4,4,1551127
real,4,5,245566
real,4,6,25807
real,4,7,2290
real,5,8,594
real,5,5,641179
real,5,6,95731
real,5,7,10529
real,6,8,2296
real,6,6,191672
real,6,7,32651
real,7,8,6047
real,7,7,48854
real,8,8,6994
0,0,2,250
0,0,3,1143
0,0,4,1145
0,0,5,723
0,0,6,321
0,0,7,173
0,0,8,39
0,1,2,2484
0,1,3,16869
0,1,4,7345
0,1,5,1239
0,1,6,133
0,1,7,40
0,1,8,18
0,2,2,21576
0,2,3,211931
0,2,4,62087
0,2,5,8907
0,2,6,708
0,2,7,87
0,2,8,19
0,3,3,1163672
0,3,4,379218
0,3,5,55983
0,3,6,4639
0,3,7,346
0,3,8,23
0,4,8,108
0,4,4,1545208
0,4,5,249701
0,4,6,25759
0,4,7,2150
0,5,8,496
0,5,5,634957
0,5,6,95055
0,5,7,10135
0,6,8,2023
0,6,6,192186
0,6,7,31860
0,7,8,5938
0,7,7,50039
0,8,8,7446
1,0,2,217
1,0,3,1117
1,0,4,1130
1,0,5,601
1,0,6,305
1,0,7,171
1,0,8,43
1,1,2,2611
1,1,3,17467
1,1,4,7102
1,1,5,1209
1,1,6,161
1,1,7,36
1,1,8,18
1,2,2,21482
1,2,3,216737
1,2,4,58134
1,2,5,8576
1,2,6,759
1,2,7,57
1,2,8,14
1,3,3,1158294
1,3,4,376045
1,3,5,52030
1,3,6,5118
1,3,7,420
1,3,8,28
1,4,8,116
1,4,4,1552592
1,4,5,236923
1,4,6,27029
1,4,7,1987
1,5,8,560
1,5,5,652171
1,5,6,96763
1,5,7,9820
1,6,8,2257
1,6,6,188666
1,6,7,31677
1,7,8,6015
1,7,7,50662
1,8,8,7059
2,0,2,190
2,0,3,1169
2,0,4,1160
2,0,5,679
2,0,6,341
2,0,7,183
2,0,8,40
2,1,2,2568
2,1,3,17248
2,1,4,6904
2,1,5,1131
2,1,6,173
2,1,7,30
2,1,8,11
2,2,2,21552
2,2,3,214825
2,2,4,61308
2,2,5,8723
2,2,6,671
2,2,7,63
2,2,8,11
2,3,3,1160373
2,3,4,386999
2,3,5,55914
2,3,6,4446
2,3,7,312
2,3,8,23
2,4,8,97
2,4,4,1538632
2,4,5,249552
2,4,6,25228
2,4,7,2009
2,5,8,575
2,5,5,635511
2,5,6,93904
2,5,7,9853
2,6,8,2391
2,6,6,194038
2,6,7,31848
2,7,8,6143
2,7,7,50532
2,8,8,6819
3,0,2,216
3,0,3,1098
3,0,4,1142
3,0,5,687
3,0,6,297
3,0,7,167
3,0,8,43
3,1,2,2641
3,1,3,17046
3,1,4,6895
3,1,5,1181
3,1,6,140
3,1,7,30
3,1,8,18
3,2,2,21453
3,2,3,212159
3,2,4,59603
3,2,5,8525
3,2,6,681
3,2,7,89
3,2,8,20
3,3,3,1163312
3,3,4,378317
3,3,5,53585
3,3,6,4556
3,3,7,494
3,3,8,40
3,4,8,154
3,4,4,1549046
3,4,5,239827
3,4,6,25682
3,4,7,2261
3,5,8,651
3,5,5,647705
3,5,6,96508
3,5,7,10452
3,6,8,2438
3,6,6,190937
3,6,7,33041
3,7,8,6055
3,7,7,48296
3,8,8,6691
4,0,2,210
4,0,3,1124
4,0,4,1106
4,0,5,693
4,0,6,302
4,0,7,170
4,0,8,58
4,1,2,2738
4,1,3,16861
4,1,4,6835
4,1,5,1176
4,1,6,136
4,1,7,27
4,1,8,18
4,2,2,21362
4,2,3,215871
4,2,4,60106
4,2,5,8707
4,2,6,633
4,2,7,60
4,2,8,4
4,3,3,1159759
4,3,4,380793
4,3,5,53911
4,3,6,4565
4,3,7,379
4,3,8,29
4,4,8,98
4,4,4,1546163
4,4,5,244007
4,4,6,25201
4,4,7,2071
4,5,8,490
4,5,5,643016
4,5,6,94848
4,5,7,9788
4,6,8,2112
4,6,6,193116
4,6,7,31697
4,7,8,5699
4,7,7,50638
4,8,8,7602
5,0,2,197
5,0,3,1118
5,0,4,1214
5,0,5,629
5,0,6,327
5,0,7,156
5,0,8,58
5,1,2,2737
5,1,3,16483
5,1,4,6972
5,1,5,1166
5,1,6,169
5,1,7,38
5,1,8,21
5,2,2,21376
5,2,3,214982
5,2,4,60910
5,2,5,8710
5,2,6,738
5,2,7,82
5,2,8,16
5,3,3,1161032
5,3,4,381670
5,3,5,54430
5,3,6,5259
5,3,7,447
5,3,8,17
5,4,8,108
5,4,4,1544237
5,4,5,246897
5,4,6,26540
5,4,7,2474
5,5,8,533
5,5,5,639678
5,5,6,95235
5,5,7,10678
5,6,8,2156
5,6,6,190533
5,6,7,32028
5,7,8,6084
5,7,7,48927
5,8,8,7117
6,0,2,171
6,0,3,1184
6,0,4,1088
6,0,5,673
6,0,6,325
6,0,7,184
6,0,8,50
6,1,2,2408
6,1,3,16893
6,1,4,6808
6,1,5,1154
6,1,6,126
6,1,7,35
6,1,8,11
6,2,2,21731
6,2,3,213756
6,2,4,59933
6,2,5,8632
6,2,6,627
6,2,7,66
6,2,8,12
6,3,3,1161782
6,3,4,380672
6,3,5,53441
6,3,6,4404
6,3,7,580
6,3,8,32
6,4,8,114
6,4,4,1546502
6,4,5,238903
6,4,6,24917
6,4,7,2721
6,5,8,550
6,5,5,648707
6,5,6,93728
6,5,7,10905
6,6,8,2161
6,6,6,194674
6,6,7,31992
6,7,8,5886
6,7,7,48347
6,8,8,7294
7,0,2,182
7,0,3,1121
7,0,4,1143
7,0,5,663
7,0,6,294
7,0,7,143
7,0,8,35
7,1,2,2839
7,1,3,17093
7,1,4,6824
7,1,5,1035
7,1,6,158
7,1,7,25
7,1,8,12
7,2,2,21289
7,2,3,215342
7,2,4,59738
7,2,5,8866
7,2,6,638
7,2,7,75
7,2,8,14
7,3,3,1160059
7,3,4,378743
7,3,5,55448
7,3,6,4231
7,3,7,334
7,3,8,18
7,4,8,109
7,4,4,1548555
7,4,5,248142
7,4,6,23536
7,4,7,2013
7,5,8,618
7,5,5,637356
7,5,6,94013
7,5,7,10119
7,6,8,2257
7,6,6,195931
7,6,7,32408
7,7,8,6119
7,7,7,49713
7,8,8,6928
8,0,2,198
8,0,3,1180
8,0,4,1189
8,0,5,661
8,0,6,303
8,0,7,164
8,0,8,38
8,1,2,2574
8,1,3,16432
8,1,4,6514
8,1,5,1140
8,1,6,186
8,1,7,37
8,1,8,20
8,2,2,21538
8,2,3,210614
8,2,4,59007
8,2,5,8714
8,2,6,701
8,2,7,63
8,2,8,14
8,3,3,1165389
8,3,4,376233
8,3,5,55190
8,3,6,4898
8,3,7,358
8,3,8,28
8,4,8,132
8,4,4,1552060
8,4,5,240863
8,4,6,26961
8,4,7,2144
8,5,8,489
8,5,5,644942
8,5,6,96698
8,5,7,10280
8,6,8,2122
8,6,6,189054
8,6,7,31772
8,7,8,6052
8,7,7,50012
8,8,8,7215
9,0,2,191
9,0,3,1143
9,0,4,1098
9,0,5,640
9,0,6,350
9,0,7,132
9,0,8,40
9,1,2,2701
9,1,3,16510
9,1,4,6984
9,1,5,981
9,1,6,143
9,1,7,57
9,1,8,8
9,2,2,21418
9,2,3,213633
9,2,4,59968
9,2,5,7992
9,2,6,661
9,2,7,65
9,2,8,8
9,3,3,1162329
9,3,4,380210
9,3,5,53318
9,3,6,4462
9,3,7,354
9,3,8,45
9,4,8,157
9,4,4,1546743
9,4,5,244125
9,4,6,25400
9,4,7,2302
9,5,8,561
9,5,5,644454
9,5,6,96125
9,5,7,10649
9,6,8,2314
9,6,6,191660
9,6,7,31832
9,7,8,6128
9,7,7,49439
9,8,8,6849
10,0,2,231
10,0,3,1092
10,0,4,1123
10,0,5,677
10,0,6,301
10,0,7,161
10,0,8,51
10,1,2,2542
10,1,3,16843
10,1,4,7129
10,1,5,1176
10,1,6,153
10,1,7,35
10,1,8,17
10,2,2,21537
10,2,3,216353
10,2,4,59562
10,2,5,8451
10,2,6,593
10,2,7,69
10,2,8,12
10,3,3,1159327
10,3,4,376847
10,3,5,53717
10,3,6,4530
10,3,7,369
10,3,8,29
10,4,8,106
10,4,4,1550342
10,4,5,244431
10,4,6,25547
10,4,7,2129
10,5,8,502
10,5,5,643058
10,5,6,95856
10,5,7,10051
10,6,8,2174
10,6,6,191821
10,6,7,33188
10,7,8,6000
10,7,7,48828
10,8,8,7219
11,0,2,186
11,0,3,1088
11,0,4,1212
11,0,5,648
11,0,6,311
11,0,7,160
11,0,8,49
11,1,2,2850
11,1,3,16985
11,1,4,7093
11,1,5,1251
11,1,6,190
11,1,7,45
11,1,8,24
11,2,2,21274
11,2,3,212759
11,2,4,59031
11,2,5,8283
11,2,6,800
11,2,7,69
11,2,8,7
11,3,3,1162783
11,3,4,375653
11,3,5,54289
11,3,6,4848
11,3,7,380
11,3,8,29
11,4,8,131
11,4,4,1552014
11,4,5,246403
11,4,6,26115
11,4,7,2002
11,5,8,513
11,5,5,640636
11,5,6,94585
11,5,7,10347
11,6,8,2176
11,6,6,191952
11,6,7,32356
11,7,8,5805
11,7,7,49471
11,8,8,7376
12,0,2,175
12,0,3,1124
12,0,4,1030
12,0,5,655
12,0,6,345
12,0,7,159
12,0,8,68
12,1,2,2509
12,1,3,17060
12,1,4,6860
12,1,5,1241
12,1,6,156
12,1,7,50
12,1,8,21
12,2,2,21626
12,2,3,213429
12,2,4,61400
12,2,5,8721
12,2,6,646
12,2,7,79
12,2,8,6
12,3,3,1162002
12,3,4,377051
12,3,5,55145
12,3,6,4642
12,3,7,445
12,3,8,21
12,4,8,97
12,4,4,1548662
12,4,5,244564
12,4,6,25104
12,4,7,2402
12,5,8,578
12,5,5,641184
12,5,6,96753
12,5,7,10083
12,6,8,2252
12,6,6,191155
12,6,7,32445
12,7,8,5918
12,7,7,49167
12,8,8,7149
13,0,2,185
13,0,3,1137
13,0,4,1151
13,0,5,691
13,0,6,319
13,0,7,156
13,0,8,53
13,1,2,2643
13,1,3,16811
13,1,4,7338
13,1,5,1115
13,1,6,184
13,1,7,30
13,1,8,17
13,2,2,21482
13,2,3,214922
13,2,4,61319
13,2,5,8715
13,2,6,665
13,2,7,49
13,2,8,14
13,3,3,1160745
13,3,4,380437
13,3,5,55357
13,3,6,4693
13,3,7,321
13,3,8,39
13,4,8,115
13,4,4,1544758
13,4,5,244958
13,4,6,26109
13,4,7,2123
13,5,8,529
13,5,5,640674
13,5,6,95822
13,5,7,9891
13,6,8,2213
13,6,6,191009
13,6,7,32148
13,7,8,5816
13,7,7,50112
13,8,8,7314
14,0,2,177
14,0,3,1143
14,0,4,1101
14,0,5,674
14,0,6,310
14,0,7,154
14,0,8,45
14,1,2,2442
14,1,3,16580
14,1,4,6768
14,1,5,1036
14,1,6,170
14,1,7,43
14,1,8,16
14,2,2,21691
14,2,3,213040
14,2,4,59474
14,2,5,8418
14,2,6,727
14,2,7,64
14,2,8,12
14,3,3,1162852
14,3,4,369963
14,3,5,54156
14,3,6,5168
14,3,7,393
14,3,8,22
14,4,8,109
14,4,4,1557697
14,4,5,247278
14,4,6,26198
14,4,7,2000
14,5,8,521
14,5,5,639948
14,5,6,97426
14,5,7,9874
14,6,8,2082
14,6,6,188802
14,6,7,31502
14,7,8,5829
14,7,7,50800
14,8,8,7474
15,0,2,206
15,0,3,1130
15,0,4,1211
15,0,5,648
15,0,6,329
15,0,7,175
15,0,8,53
15,1,2,2523
15,1,3,17207
15,1,4,7050
15,1,5,984
15,1,6,178
15,1,7,35
15,1,8,11
15,2,2,21581
15,2,3,216144
15,2,4,59623
15,2,5,8472
15,2,6,700
15,2,7,57
15,2,8,7
15,3,3,1159134
15,3,4,375056
15,3,5,53305
15,3,6,4539
15,3,7,351
15,3,8,18
15,4,8,124
15,4,4,1552063
15,4,5,244580
15,4,6,25253
15,4,7,1991
15,5,8,561
15,5,5,643521
15,5,6,95848
15,5,7,10270
15,6,8,2248
15,6,6,191954
15,6,7,33382
15,7,8,5975
15,7,7,48569
15,8,8,7113
16,0,2,190
16,0,3,1222
16,0,4,1171
16,0,5,673
16,0,6,337
16,0,7,166
16,0,8,37
16,1,2,2389
16,1,3,17033
16,1,4,7044
16,1,5,1035
16,1,6,144
16,1,7,47
16,1,8,26
16,2,2,21731
16,2,3,219855
16,2,4,61756
16,2,5,8488
16,2,6,555
16,2,7,46
16,2,8,14
16,3,3,1155505
16,3,4,380323
16,3,5,54098
16,3,6,4168
16,3,7,340
16,3,8,31
16,4,8,160
16,4,4,1544709
16,4,5,243522
16,4,6,24698
16,4,7,2106
16,5,8,666
16,5,5,643694
16,5,6,96169
16,5,7,10400
16,6,8,2367
16,6,6,192730
16,6,7,32316
16,7,8,5809
16,7,7,49409
16,8,8,7000
17,0,2,228
17,0,3,1120
17,0,4,1138
17,0,5,703
17,0,6,301
17,0,7,162
17,0,8,46
17,1,2,2817
17,1,3,17031
17,1,4,7019
17,1,5,1163
17,1,6,181
17,1,7,31
17,1,8,21
17,2,2,21265
17,2,3,211870
17,2,4,59143
17,2,5,8710
17,2,6,696
17,2,7,80
17,2,8,6
17,3,3,1163594
17,3,4,366715
17,3,5,56426
17,3,6,4582
17,3,7,472
17,3,8,20
17,4,8,90
17,4,4,1560988
17,4,5,249355
17,4,6,25467
17,4,7,2088
17,5,8,451
17,5,5,635153
17,5,6,94315
17,5,7,9879
17,6,8,2026
17,6,6,193259
17,6,7,32657
17,7,8,5622
17,7,7,49461
17,8,8,7828
18,0,2,171
18,0,3,1157
18,0,4,1133
18,0,5,624
18,0,6,308
18,0,7,170
18,0,8,41
18,1,2,2522
18,1,3,16804
18,1,4,6843
18,1,5,1184
18,1,6,194
18,1,7,29
18,1,8,14
18,2,2,21617
18,2,3,218769
18,2,4,60548
18,2,5,8362
18,2,6,633
18,2,7,41
18,2,8,10
18,3,3,1156885
18,3,4,374291
18,3,5,56367
18,3,6,4198
18,3,7,404
18,3,8,31
18,4,8,118
18,4,4,1552188
18,4,5,247117
18,4,6,23852
18,4,7,2064
18,5,8,592
18,5,5,637856
18,5,6,95315
18,5,7,9927
18,6,8,2179
18,6,6,194301
18,6,7,32488
18,7,8,6067
18,7,7,49707
18,8,8,7058
19,0,2,205
19,0,3,1171
19,0,4,1162
19,0,5,687
19,0,6,304
19,0,7,173
19,0,8,46
19,1,2,2709
19,1,3,17465
19,1,4,6916
19,1,5,1128
19,1,6,174
19,1,7,37
19,1,8,13
19,2,2,21396
19,2,3,214851
19,2,4,59438
19,2,5,8940
19,2,6,644
19,2,7,75
19,2,8,10
19,3,3,1160128
19,3,4,371205
19,3,5,56145
19,3,6,4455
19,3,7,361
19,3,8,15
19,4,8,85
19,4,4,1556282
19,4,5,250241
19,4,6,24759
19,4,7,2140
19,5,8,508
19,5,5,634369
19,5,6,94799
19,5,7,10355
19,6,8,2103
19,6,6,193666
19,6,7,33022
19,7,8,5924
19,7,7,48667
19,8,8,7406
20,0,2,186
20,0,3,1123
20,0,4,1164
20,0,5,691
20,0,6,321
20,0,7,154
20,0,8,34
20,1,2,2301
20,1,3,17005
20,1,4,6914
20,1,5,1163
20,1,6,189
20,1,7,40
20,1,8,25
20,2,2,21823
20,2,3,213352
20,2,4,60116
20,2,5,8941
20,2,6,686
20,2,7,69
20,2,8,23
20,3,3,1162135
20,3,4,373312
20,3,5,56709
20,3,6,4725
20,3,7,383
20,3,8,27
20,4,8,113
20,4,4,1553497
20,4,5,246564
20,4,6,26314
20,4,7,2241
20,5,8,564
20,5,5,637442
20,5,6,94756
20,5,7,10445
20,6,8,2344
20,6,6,191810
20,6,7,32516
20,7,8,6166
20,7,7,48982
20,8,8,6814
21,0,2,229
21,0,3,1191
21,0,4,1147
21,0,5,657
21,0,6,302
21,0,7,134
21,0,8,58
21,1,2,2797
21,1,3,17990
21,1,4,7182
21,1,5,1070
21,1,6,181
21,1,7,40
21,1,8,26
21,2,2,21284
21,2,3,221129
21,2,4,60405
21,2,5,8818
21,2,6,756
21,2,7,50
21,2,8,6
21,3,3,1153305
21,3,4,380282
21,3,5,55959
21,3,6,4648
21,3,7,343
21,3,8,23
21,4,8,115
21,4,4,1545987
21,4,5,248041
21,4,6,26577
21,4,7,1827
21,5,8,547
21,5,5,636965
21,5,6,97277
21,5,7,9776
21,6,8,2291
21,6,6,189060
21,6,7,31406
21,7,8,5868
21,7,7,51254
21,8,8,7176
22,0,2,213
22,0,3,1079
22,0,4,1165
22,0,5,650
22,0,6,333
22,0,7,164
22,0,8,50
22,1,2,2477
22,1,3,16662
22,1,4,7080
22,1,5,1162
22,1,6,205
22,1,7,39
22,1,8,9
22,2,2,21620
22,2,3,214274
22,2,4,61201
22,2,5,8647
22,2,6,721
22,2,7,61
22,2,8,9
22,3,3,1161600
22,3,4,372006
22,3,5,53137
22,3,6,4665
22,3,7,294
22,3,8,34
22,4,8,113
22,4,4,1553551
22,4,5,245191
22,4,6,26347
22,4,7,1786
22,5,8,495
22,5,5,642723
22,5,6,96348
22,5,7,9581
22,6,8,2120
22,6,6,190182
22,6,7,31567
22,7,8,6099
22,7,7,51338
22,8,8,7181
23,0,2,199
23,0,3,1117
23,0,4,1155
23,0,5,637
23,0,6,316
23,0,7,166
23,0,8,47
23,1,2,2604
23,1,3,16959
23,1,4,6737
23,1,5,1197
23,1,6,153
23,1,7,32
23,1,8,28
23,2,2,21507
23,2,3,216858
23,2,4,59551
23,2,5,9085
23,2,6,615
23,2,7,54
23,2,8,23
23,3,3,1158681
23,3,4,379741
23,3,5,55571
23,3,6,4138
23,3,7,385
23,3,8,59
23,4,8,170
23,4,4,1547819
23,4,5,245158
23,4,6,23479
23,4,7,2271
23,5,8,746
23,5,5,639862
23,5,6,93381
23,5,7,10527
23,6,8,2462
23,6,6,196719
23,6,7,32440
23,7,8,6007
23,7,7,48955
23,8,8,6568
24,0,2,208
24,0,3,1140
24,0,4,1130
24,0,5,640
24,0,6,329
24,0,7,136
24,0,8,53
24,1,2,2762
24,1,3,16982
24,1,4,6892
24,1,5,1208
24,1,6,164
24,1,7,26
24,1,8,20
24,2,2,21340
24,2,3,216948
24,2,4,61170
24,2,5,7902
24,2,6,686
24,2,7,62
24,2,8,10
24,3,3,1158545
24,3,4,376751
24,3,5,51504
24,3,6,4521
24,3,7,295
24,3,8,28
24,4,8,91
24,4,4,1549060
24,4,5,234811
24,4,6,24827
24,4,7,1937
24,5,8,573
24,5,5,655445
24,5,6,94563
24,5,7,9589
24,6,8,2309
24,6,6,193711
24,6,7,32293
24,7,8,5844
24,7,7,50492
24,8,8,7182
25,0,2,183
25,0,3,1137
25,0,4,1142
25,0,5,686
25,0,6,363
25,0,7,192
25,0,8,42
25,1,2,2821
25,1,3,17104
25,1,4,6626
25,1,5,1267
25,1,6,127
25,1,7,23
25,1,8,25
25,2,2,21306
25,2,3,217148
25,2,4,59421
25,2,5,9329
25,2,6,654
25,2,7,70
25,2,8,15
25,3,3,1158226
25,3,4,381909
25,3,5,56514
25,3,6,4816
25,3,7,394
25,3,8,18
25,4,8,121
25,4,4,1545905
25,4,5,244806
25,4,6,25968
25,4,7,2253
25,5,8,504
25,5,5,638908
25,5,6,97237
25,5,7,10435
25,6,8,2124
25,6,6,189636
25,6,7,32895
25,7,8,5626
25,7,7,48568
25,8,8,7635
26,0,2,206
26,0,3,1171
26,0,4,1162
26,0,5,729
26,0,6,318
26,0,7,148
26,0,8,57
26,1,2,2758
26,1,3,17474
26,1,4,7026
26,1,5,1275
26,1,6,150
26,1,7,28
26,1,8,14
26,2,2,21346
26,2,3,217063
26,2,4,60063
26,2,5,8687
26,2,6,627
26,2,7,68
26,2,8,10
26,3,3,1157907
26,3,4,376376
26,3,5,54946
26,3,6,4660
26,3,7,429
26,3,8,19
26,4,8,101
26,4,4,1550376
26,4,5,248678
26,4,6,26079
26,4,7,2217
26,5,8,543
26,5,5,637195
26,5,6,97771
26,5,7,10103
26,6,8,2213
26,6,6,189196
26,6,7,31206
26,7,8,5849
26,7,7,50631
26,8,8,7304
27,0,2,204
27,0,3,1021
27,0,4,1164
27,0,5,612
27,0,6,300
27,0,7,185
27,0,8,55
27,1,2,2705
27,1,3,16417
27,1,4,6939
27,1,5,1271
27,1,6,209
27,1,7,48
27,1,8,13
27,2,2,21401
27,2,3,213762
27,2,4,59602
27,2,5,9003
27,2,6,748
27,2,7,71
27,2,8,9
27,3,3,1162415
27,3,4,378102
27,3,5,54140
27,3,6,4584
27,3,7,458
27,3,8,36
27,4,8,129
27,4,4,1549196
27,4,5,244476
27,4,6,25247
27,4,7,2189
27,5,8,615
27,5,5,642008
27,5,6,95277
27,5,7,10582
27,6,8,2287
27,6,6,192436
27,6,7,32425
27,7,8,5881
27,7,7,48872
27,8,8,7085
28,0,2,207
28,0,3,1203
28,0,4,1144
28,0,5,635
28,0,6,360
28,0,7,144
28,0,8,48
28,1,2,2510
28,1,3,17878
28,1,4,7356
28,1,5,1120
28,1,6,186
28,1,7,44
28,1,8,15
28,2,2,21593
28,2,3,217543
28,2,4,61472
28,2,5,8196
28,2,6,707
28,2,7,83
28,2,8,18
28,3,3,1156991
28,3,4,381705
28,3,5,55006
28,3,6,4958
28,3,7,342
28,3,8,20
28,4,8,100
28,4,4,1543326
28,4,5,245300
28,4,6,26837
28,4,7,2102
28,5,8,581
28,5,5,641253
28,5,6,96837
28,5,7,10480
28,6,8,2265
28,6,6,188916
28,6,7,32802
28,7,8,5991
28,7,7,48833
28,8,8,7072
29,0,2,181
29,0,3,1097
29,0,4,1162
29,0,5,700
29,0,6,314
29,0,7,182
29,0,8,51
29,1,2,2491
29,1,3,16603
29,1,4,6792
29,1,5,1063
29,1,6,174
29,1,7,61
29,1,8,21
29,2,2,21638
29,2,3,217078
29,2,4,61572
29,2,5,8159
29,2,6,739
29,2,7,49
29,2,8,14
29,3,3,1158837
29,3,4,376796
29,3,5,54360
29,3,6,4812
29,3,7,352
29,3,8,33
29,4,8,153
29,4,4,1548681
29,4,5,247492
29,4,6,25200
29,4,7,2429
29,5,8,584
29,5,5,639736
29,5,6,94946
29,5,7,10896
29,6,8,2373
29,6,6,192616
29,6,7,33191
29,7,8,5906
29,7,7,47670
29,8,8,6975
