lexicon,lev, length_count, neighbors
real,0,2,94
real,0,3,303
real,0,4,183
real,0,5,54
real,0,6,18
real,0,7,2
real,0,8,1
real,1,2,2599
real,1,3,17107
real,1,4,6953
real,1,5,1126
real,1,6,118
real,1,7,19
real,1,8,2
real,2,2,21617
real,2,3,215976
real,2,4,60291
real,2,5,8751
real,2,6,717
real,2,7,57
real,2,8,11
real,3,3,1160229
real,3,4,376449
real,3,5,54834
real,3,6,4738
real,3,7,428
real,3,8,29
real,4,8,136
real,4,4,1551127
real,4,5,245566
real,4,6,25807
real,4,7,2290
real,5,8,594
real,5,5,641179
real,5,6,95731
real,5,7,10529
real,6,8,2296
real,6,6,191672
real,6,7,32651
real,7,8,6047
real,7,7,48854
real,8,8,6994
0,0,2,128
0,0,3,1101
0,0,4,103
0,0,5,6
0,1,2,2282
0,1,3,29494
0,1,4,3394
0,1,5,159
0,1,6,6
0,2,2,21900
0,2,3,292655
0,2,4,47991
0,2,5,3563
0,2,6,126
0,2,7,7
0,3,3,1070365
0,3,4,385341
0,3,5,40254
0,3,6,1742
0,3,7,79
0,3,8,3
0,4,8,22
0,4,4,1558174
0,4,5,244994
0,4,6,15956
0,4,7,965
0,5,8,195
0,5,5,662534
0,5,6,86675
0,5,7,7021
0,6,8,1338
0,6,6,214296
0,6,7,30268
0,7,8,5378
0,7,7,56490
0,8,8,9174
1,0,2,147
1,0,3,1012
1,0,4,81
1,0,5,2
1,1,2,2505
1,1,3,29693
1,1,4,2990
1,1,5,181
1,1,6,4
1,2,2,21658
1,2,3,296930
1,2,4,47402
1,2,5,3492
1,2,6,113
1,2,7,4
1,3,3,1065980
1,3,4,390544
1,3,5,39091
1,3,6,1958
1,3,7,69
1,4,8,21
1,4,4,1553986
1,4,5,241906
1,4,6,17096
1,4,7,841
1,5,8,233
1,5,5,666838
1,5,6,89970
1,5,7,6622
1,6,8,1405
1,6,6,209660
1,6,7,28643
1,7,8,5298
1,7,7,58651
1,8,8,9153
2,0,2,137
2,0,3,1021
2,0,4,88
2,0,5,1
2,0,6,1
2,1,2,2238
2,1,3,30223
2,1,4,3132
2,1,5,141
2,1,6,5
2,1,7,1
2,2,2,21935
2,2,3,300046
2,2,4,48008
2,2,5,3148
2,2,6,146
2,2,7,4
2,3,3,1062325
2,3,4,383826
2,3,5,36618
2,3,6,1839
2,3,7,75
2,3,8,3
2,4,8,23
2,4,4,1559949
2,4,5,237433
2,4,6,17152
2,4,7,860
2,5,8,227
2,5,5,674169
2,5,6,89807
2,5,7,6452
2,6,8,1498
2,6,6,209851
2,6,7,29186
2,7,8,5487
2,7,7,58252
2,8,8,8872
3,0,2,158
3,0,3,911
3,0,4,103
3,0,5,3
3,1,2,2587
3,1,3,27914
3,1,4,3173
3,1,5,167
3,1,6,2
3,1,7,1
3,2,2,21565
3,2,3,284955
3,2,4,48003
3,2,5,3299
3,2,6,130
3,2,7,5
3,3,3,1079835
3,3,4,393012
3,3,5,38484
3,3,6,1806
3,3,7,66
3,3,8,3
3,4,8,37
3,4,4,1550712
3,4,5,240990
3,4,6,16439
3,4,7,814
3,5,8,231
3,5,5,668567
3,5,6,88451
3,5,7,6567
3,6,8,1404
3,6,6,211973
3,6,7,29363
3,7,8,5433
3,7,7,58014
3,8,8,9002
4,0,2,159
4,0,3,1039
4,0,4,91
4,0,5,4
4,1,2,2531
4,1,3,29449
4,1,4,3348
4,1,5,176
4,1,6,4
4,2,2,21620
4,2,3,291296
4,2,4,48782
4,2,5,3267
4,2,6,102
4,2,7,4
4,2,8,1
4,3,3,1071831
4,3,4,396342
4,3,5,38143
4,3,6,1767
4,3,7,73
4,3,8,1
4,4,8,23
4,4,4,1546440
4,4,5,238578
4,4,6,16455
4,4,7,887
4,5,8,204
4,5,5,671342
4,5,6,88043
4,5,7,6451
4,6,8,1451
4,6,6,212430
4,6,7,29273
4,7,8,5485
4,7,7,58142
4,8,8,8945
5,0,2,148
5,0,3,946
5,0,4,82
5,0,5,8
5,1,2,2655
5,1,3,29481
5,1,4,3076
5,1,5,189
5,1,6,4
5,2,2,21507
5,2,3,299216
5,2,4,47566
5,2,5,3640
5,2,6,113
5,2,7,2
5,3,3,1063972
5,3,4,392200
5,3,5,39940
5,3,6,1758
5,3,7,87
5,4,8,25
5,4,4,1552079
5,4,5,243009
5,4,6,16269
5,4,7,966
5,5,8,205
5,5,5,664724
5,5,6,88277
5,5,7,6941
5,6,8,1342
5,6,6,212380
5,6,7,30014
5,7,8,5366
5,7,7,56820
5,8,8,9172
6,0,2,159
6,0,3,888
6,0,4,83
6,0,5,4
6,1,2,2442
6,1,3,28181
6,1,4,3130
6,1,5,173
6,1,6,5
6,2,2,21709
6,2,3,290573
6,2,4,47802
6,2,5,3437
6,2,6,101
6,2,7,2
6,3,3,1073973
6,3,4,391347
6,3,5,39810
6,3,6,1718
6,3,7,65
6,4,8,22
6,4,4,1552641
6,4,5,246135
6,4,6,15529
6,4,7,892
6,5,8,211
6,5,5,661951
6,5,6,86376
6,5,7,6512
6,6,8,1388
6,6,6,215072
6,6,7,29354
6,7,8,5511
6,7,7,58005
6,8,8,8978
7,0,2,134
7,0,3,992
7,0,4,79
7,0,5,6
7,1,2,2554
7,1,3,29268
7,1,4,2922
7,1,5,179
7,1,6,10
7,2,2,21622
7,2,3,292851
7,2,4,45902
7,2,5,3730
7,2,6,145
7,2,7,5
7,3,3,1070504
7,3,4,387855
7,3,5,41226
7,3,6,2045
7,3,7,68
7,3,8,4
7,4,8,26
7,4,4,1558245
7,4,5,250750
7,4,6,17934
7,4,7,864
7,5,8,277
7,5,5,655619
7,5,6,91440
7,5,7,6316
7,6,8,1595
7,6,6,207227
7,6,7,28672
7,7,8,5646
7,7,7,58905
7,8,8,8562
8,0,2,162
8,0,3,976
8,0,4,80
8,0,5,6
8,1,2,2705
8,1,3,28461
8,1,4,3074
8,1,5,159
8,1,6,2
8,2,2,21443
8,2,3,288588
8,2,4,46483
8,2,5,3394
8,2,6,127
8,2,7,4
8,3,3,1075590
8,3,4,384969
8,3,5,39134
8,3,6,1889
8,3,7,72
8,3,8,1
8,4,8,23
8,4,4,1560397
8,4,5,242126
8,4,6,16795
8,4,7,832
8,5,8,212
8,5,5,666691
8,5,6,89914
8,5,7,6557
8,6,8,1433
8,6,6,210074
8,6,7,29476
8,7,8,5203
8,7,7,57889
8,8,8,9238
9,0,2,159
9,0,3,938
9,0,4,95
9,0,5,2
9,1,2,2693
9,1,3,28990
9,1,4,3389
9,1,5,153
9,1,6,9
9,2,2,21458
9,2,3,290186
9,2,4,49774
9,2,5,3624
9,2,6,108
9,2,7,4
9,3,3,1073501
9,3,4,399509
9,3,5,39851
9,3,6,1723
9,3,7,85
9,3,8,1
9,4,8,21
9,4,4,1542236
9,4,5,247139
9,4,6,16215
9,4,7,989
9,5,8,204
9,5,5,660741
9,5,6,88956
9,5,7,7059
9,6,8,1344
9,6,6,211790
9,6,7,30431
9,7,8,5411
9,7,7,56262
9,8,8,9129
10,0,2,152
10,0,3,973
10,0,4,86
10,0,5,6
10,1,2,2507
10,1,3,29866
10,1,4,3013
10,1,5,160
10,1,6,9
10,1,7,1
10,2,2,21651
10,2,3,293217
10,2,4,46326
10,2,5,3123
10,2,6,125
10,2,7,6
10,3,3,1069559
10,3,4,387430
10,3,5,37187
10,3,6,1714
10,3,7,70
10,3,8,3
10,4,8,33
10,4,4,1558148
10,4,5,235027
10,4,6,16133
10,4,7,840
10,5,8,198
10,5,5,676007
10,5,6,87861
10,5,7,6422
10,6,8,1430
10,6,6,212959
10,6,7,28827
10,7,8,5418
10,7,7,58664
10,8,8,9028
11,0,2,136
11,0,3,889
11,0,4,85
11,0,5,6
11,1,2,2549
11,1,3,28457
11,1,4,3139
11,1,5,183
11,1,6,1
11,2,2,21625
11,2,3,293195
11,2,4,47083
11,2,5,3758
11,2,6,110
11,2,7,2
11,3,3,1071074
11,3,4,388717
11,3,5,40656
11,3,6,1705
11,3,7,75
11,3,8,3
11,4,8,28
11,4,4,1555979
11,4,5,246032
11,4,6,16314
11,4,7,857
11,5,8,239
11,5,5,660875
11,5,6,89044
11,5,7,6810
11,6,8,1543
11,6,6,211627
11,6,7,29855
11,7,8,5554
11,7,7,57231
11,8,8,8743
12,0,2,137
12,0,3,1028
12,0,4,94
12,0,5,6
12,0,6,1
12,1,2,2488
12,1,3,30341
12,1,4,3232
12,1,5,172
12,1,6,10
12,2,2,21685
12,2,3,297660
12,2,4,48678
12,2,5,3718
12,2,6,141
12,2,7,4
12,3,3,1064586
12,3,4,391966
12,3,5,41146
12,3,6,1941
12,3,7,57
12,4,8,22
12,4,4,1551033
12,4,5,249420
12,4,6,16975
12,4,7,854
12,5,8,175
12,5,5,657048
12,5,6,89551
12,5,7,6484
12,6,8,1371
12,6,6,210182
12,6,7,28966
12,7,8,5406
12,7,7,58465
12,8,8,9136
13,0,2,153
13,0,3,949
13,0,4,80
13,0,5,4
13,1,2,2375
13,1,3,29154
13,1,4,3141
13,1,5,154
13,1,6,8
13,2,2,21782
13,2,3,291107
13,2,4,47697
13,2,5,3140
13,2,6,142
13,2,7,1
13,3,3,1072405
13,3,4,390246
13,3,5,37500
13,3,6,1860
13,3,7,86
13,4,8,16
13,4,4,1553839
13,4,5,239622
13,4,6,17067
13,4,7,955
13,5,8,190
13,5,5,671090
13,5,6,88649
13,5,7,7062
13,6,8,1356
13,6,6,211075
13,6,7,29671
13,7,8,5385
13,7,7,57055
13,8,8,9163
14,0,2,133
14,0,3,1023
14,0,4,83
14,0,6,1
14,1,2,2582
14,1,3,29896
14,1,4,3246
14,1,5,183
14,1,6,12
14,2,2,21595
14,2,3,297789
14,2,4,48058
14,2,5,3424
14,2,6,146
14,2,7,6
14,3,3,1064907
14,3,4,391469
14,3,5,38736
14,3,6,1905
14,3,7,88
14,3,8,1
14,4,8,26
14,4,4,1552147
14,4,5,242378
14,4,6,17086
14,4,7,908
14,5,8,207
14,5,5,666789
14,5,6,89957
14,5,7,7004
14,6,8,1424
14,6,6,209694
14,6,7,30200
14,7,8,5572
14,7,7,56624
14,8,8,8880
15,0,2,131
15,0,3,912
15,0,4,117
15,0,5,3
15,1,2,2558
15,1,3,28784
15,1,4,3149
15,1,5,189
15,1,6,7
15,2,2,21621
15,2,3,292353
15,2,4,47956
15,2,5,3466
15,2,6,130
15,2,7,6
15,3,3,1071566
15,3,4,392846
15,3,5,39561
15,3,6,1889
15,3,7,58
15,3,8,2
15,4,8,26
15,4,4,1550935
15,4,5,244150
15,4,6,16462
15,4,7,986
15,5,8,240
15,5,5,664141
15,5,6,87536
15,5,7,6748
15,6,8,1446
15,6,6,212777
15,6,7,29456
15,7,8,5528
15,7,7,57576
15,8,8,8868
16,0,2,119
16,0,3,938
16,0,4,81
16,0,5,3
16,1,2,2513
16,1,3,27894
16,1,4,3170
16,1,5,137
16,1,6,5
16,1,7,1
16,2,2,21678
16,2,3,289396
16,2,4,47600
16,2,5,3326
16,2,6,132
16,2,7,5
16,3,3,1075387
16,3,4,387767
16,3,5,38901
16,3,6,1891
16,3,7,86
16,3,8,1
16,4,8,19
16,4,4,1556385
16,4,5,242669
16,4,6,16643
16,4,7,946
16,5,8,219
16,5,5,666474
16,5,6,89195
16,5,7,6947
16,6,8,1436
16,6,6,210935
16,6,7,29808
16,7,8,5388
16,7,7,57037
16,8,8,9047
17,0,2,130
17,0,3,978
17,0,4,96
17,0,5,2
17,0,6,1
17,1,2,2427
17,1,3,29622
17,1,4,3187
17,1,5,149
17,1,6,7
17,2,2,21753
17,2,3,298225
17,2,4,47725
17,2,5,3403
17,2,6,138
17,2,7,7
17,3,3,1064790
17,3,4,389568
17,3,5,38091
17,3,6,1889
17,3,7,67
17,3,8,1
17,4,8,21
17,4,4,1554427
17,4,5,240204
17,4,6,17424
17,4,7,936
17,5,8,193
17,5,5,669661
17,5,6,89557
17,5,7,7051
17,6,8,1369
17,6,6,209785
17,6,7,30183
17,7,8,5340
17,7,7,56586
17,8,8,9186
18,0,2,138
18,0,3,881
18,0,4,116
18,0,5,2
18,1,2,2213
18,1,3,28917
18,1,4,3495
18,1,5,156
18,1,6,1
18,1,7,1
18,2,2,21959
18,2,3,292819
18,2,4,51151
18,2,5,3507
18,2,6,127
18,2,7,2
18,3,3,1070998
18,3,4,404105
18,3,5,40372
18,3,6,1762
18,3,7,63
18,4,8,17
18,4,4,1536136
18,4,5,246910
18,4,6,16600
18,4,7,798
18,5,8,233
18,5,5,660563
18,5,6,89277
18,5,7,6095
18,6,8,1406
18,6,6,211034
18,6,7,28756
18,7,8,5372
18,7,7,59115
18,8,8,9082
19,0,2,201
19,0,3,971
19,0,4,107
19,0,5,6
19,1,2,2590
19,1,3,28954
19,1,4,3400
19,1,5,177
19,1,6,4
19,2,2,21519
19,2,3,293340
19,2,4,49930
19,2,5,3750
19,2,6,117
19,2,7,9
19,3,3,1070350
19,3,4,399307
19,3,5,40700
19,3,6,1644
19,3,7,55
19,3,8,1
19,4,8,19
19,4,4,1542259
19,4,5,244816
19,4,6,15588
19,4,7,812
19,5,8,172
19,5,5,662061
19,5,6,86549
19,5,7,6245
19,6,8,1166
19,6,6,214899
19,6,7,29344
19,7,8,5287
19,7,7,58365
19,8,8,9465
20,0,2,108
20,0,3,985
20,0,4,104
20,0,5,2
20,1,2,2203
20,1,3,29273
20,1,4,3402
20,1,5,173
20,1,6,9
20,2,2,21999
20,2,3,295043
20,2,4,49729
20,2,5,3431
20,2,6,124
20,2,7,6
20,3,3,1068314
20,3,4,394051
20,3,5,39758
20,3,6,1875
20,3,7,70
20,3,8,2
20,4,8,33
20,4,4,1547717
20,4,5,243866
20,4,6,16431
20,4,7,852
20,5,8,208
20,5,5,664280
20,5,6,88579
20,5,7,6637
20,6,8,1461
20,6,6,211783
20,6,7,29696
20,7,8,5417
20,7,7,57569
20,8,8,8989
21,0,2,132
21,0,3,965
21,0,4,91
21,0,5,5
21,1,2,2295
21,1,3,30111
21,1,4,3202
21,1,5,181
21,1,6,7
21,2,2,21883
21,2,3,297894
21,2,4,48163
21,2,5,3481
21,2,6,142
21,2,7,3
21,3,3,1064645
21,3,4,394136
21,3,5,39467
21,3,6,1837
21,3,7,73
21,3,8,2
21,4,8,15
21,4,4,1549411
21,4,5,243376
21,4,6,16585
21,4,7,889
21,5,8,205
21,5,5,665000
21,5,6,89085
21,5,7,6893
21,6,8,1274
21,6,6,211145
21,6,7,29968
21,7,8,5386
21,7,7,57004
21,8,8,9228
22,0,2,129
22,0,3,1059
22,0,4,95
22,0,5,5
22,1,2,2598
22,1,3,31430
22,1,4,3256
22,1,5,176
22,1,6,8
22,2,2,21583
22,2,3,303767
22,2,4,47975
22,2,5,3471
22,2,6,122
22,2,7,5
22,3,3,1057359
22,3,4,393982
22,3,5,39422
22,3,6,1710
22,3,7,74
22,4,8,20
22,4,4,1549695
22,4,5,243422
22,4,6,15759
22,4,7,818
22,5,8,227
22,5,5,665014
22,5,6,86802
22,5,7,6427
22,6,8,1410
22,6,6,214400
22,6,7,28755
22,7,8,5458
22,7,7,58751
22,8,8,8995
23,0,2,159
23,0,3,1061
23,0,4,76
23,0,6,2
23,1,2,2563
23,1,3,28821
23,1,4,3418
23,1,5,154
23,1,6,6
23,2,2,21588
23,2,3,288119
23,2,4,49596
23,2,5,3259
23,2,6,145
23,2,7,5
23,3,3,1075614
23,3,4,398692
23,3,5,38507
23,3,6,1953
23,3,7,58
23,3,8,1
23,4,8,16
23,4,4,1543221
23,4,5,241972
23,4,6,17057
23,4,7,876
23,5,8,201
23,5,5,667618
23,5,6,88593
23,5,7,6744
23,6,8,1291
23,6,6,211045
23,6,7,30229
23,7,8,5211
23,7,7,56918
23,8,8,9390
24,0,2,116
24,0,3,962
24,0,4,85
24,0,5,5
24,1,2,2239
24,1,3,28791
24,1,4,3400
24,1,5,146
24,1,6,8
24,2,2,21955
24,2,3,291389
24,2,4,49422
24,2,5,3536
24,2,6,111
24,2,7,3
24,2,8,1
24,3,3,1072473
24,3,4,393263
24,3,5,39693
24,3,6,1749
24,3,7,93
24,3,8,1
24,4,8,23
24,4,4,1548833
24,4,5,244467
24,4,6,15826
24,4,7,924
24,5,8,240
24,5,5,663663
24,5,6,87705
24,5,7,7002
24,6,8,1429
24,6,6,213402
24,6,7,29590
24,7,8,5290
24,7,7,57218
24,8,8,9126
25,0,2,143
25,0,3,954
25,0,4,78
25,0,5,1
25,1,2,2376
25,1,3,28194
25,1,4,3054
25,1,5,170
25,1,6,2
25,2,2,21791
25,2,3,288326
25,2,4,46535
25,2,5,3367
25,2,6,139
25,2,7,3
25,3,3,1076141
25,3,4,384204
25,3,5,38556
25,3,6,1779
25,3,7,76
25,3,8,1
25,4,8,15
25,4,4,1561132
25,4,5,239788
25,4,6,16778
25,4,7,787
25,5,8,214
25,5,5,669628
25,5,6,89160
25,5,7,6229
25,6,8,1422
25,6,6,210943
25,6,7,28909
25,7,8,5441
25,7,7,58826
25,8,8,9017
26,0,2,208
26,0,3,1044
26,0,4,99
26,0,5,3
26,0,6,1
26,1,2,2837
26,1,3,30346
26,1,4,3337
26,1,5,202
26,1,6,5
26,1,7,1
26,2,2,21265
26,2,3,296902
26,2,4,49054
26,2,5,3740
26,2,6,112
26,2,7,7
26,3,3,1065323
26,3,4,401519
26,3,5,41701
26,3,6,1699
26,3,7,90
26,3,8,1
26,4,8,21
26,4,4,1540994
26,4,5,248164
26,4,6,15816
26,4,7,955
26,5,8,226
26,5,5,657700
26,5,6,85935
26,5,7,6940
26,6,8,1449
26,6,6,215233
26,6,7,29570
26,7,8,5368
26,7,7,57267
26,8,8,9045
27,0,2,148
27,0,3,1009
27,0,4,122
27,0,5,3
27,1,2,2495
27,1,3,30238
27,1,4,3317
27,1,5,162
27,1,6,2
27,2,2,21667
27,2,3,299929
27,2,4,50305
27,2,5,3276
27,2,6,115
27,2,7,3
27,3,3,1062439
27,3,4,398837
27,3,5,37871
27,3,6,1818
27,3,7,64
27,3,8,2
27,4,8,18
27,4,4,1542422
27,4,5,239243
27,4,6,16778
27,4,7,863
27,5,8,226
27,5,5,670955
27,5,6,88378
27,5,7,6580
27,6,8,1453
27,6,6,211710
27,6,7,29364
27,7,8,5402
27,7,7,57956
27,8,8,9009
28,0,2,142
28,0,3,1031
28,0,4,95
28,0,5,3
28,1,2,2268
28,1,3,29398
28,1,4,3142
28,1,5,165
28,1,6,11
28,2,2,21900
28,2,3,292313
28,2,4,46429
28,2,5,3276
28,2,6,127
28,2,7,3
28,3,3,1070873
28,3,4,389144
28,3,5,37682
28,3,6,1849
28,3,7,63
28,3,8,3
28,4,8,27
28,4,4,1556193
28,4,5,240846
28,4,6,16586
28,4,7,807
28,5,8,191
28,5,5,669538
28,5,6,90194
28,5,7,6237
28,6,8,1357
28,6,6,210034
28,6,7,28821
28,7,8,5311
28,7,7,58899
28,8,8,9221
29,0,2,148
29,0,3,996
29,0,4,82
29,0,5,2
29,1,2,2599
29,1,3,29566
29,1,4,3310
29,1,5,183
29,1,6,7
29,2,2,21563
29,2,3,296521
29,2,4,48151
29,2,5,3412
29,2,6,115
29,2,7,3
29,3,3,1066532
29,3,4,389683
29,3,5,38503
29,3,6,1829
29,3,7,92
29,3,8,1
29,4,8,9
29,4,4,1553777
29,4,5,240077
29,4,6,16476
29,4,7,922
29,5,8,203
29,5,5,669333
29,5,6,87686
29,5,7,6756
29,6,8,1324
29,6,6,212688
29,6,7,29440
29,7,8,5391
29,7,7,57617
29,8,8,9182
