lexicon,lev, length_count, neighbors
real,1,3,12532
real,1,4,4745
real,1,5,686
real,1,6,93
real,1,7,16
real,1,8,1
real,2,3,174723
real,2,4,47247
real,2,5,5988
real,2,6,567
real,2,7,53
real,2,8,8
real,3,3,1039706
real,3,4,315787
real,3,5,38205
real,3,6,3843
real,3,7,329
real,3,8,25
real,4,8,90
real,4,4,1335156
real,4,5,182939
real,4,6,20566
real,4,7,1642
real,5,8,367
real,5,5,529247
real,5,6,79195
real,5,7,7398
real,6,8,1491
real,6,6,165481
real,6,7,24587
real,7,8,3828
real,7,7,39895
real,8,8,4486
0,0,3,809
0,0,4,194
0,0,5,8
0,0,6,4
0,1,3,12588
0,1,4,3457
0,1,5,402
0,1,6,46
0,1,7,6
0,2,3,171015
0,2,4,43242
0,2,5,4511
0,2,6,434
0,2,7,39
0,2,8,6
0,3,3,1042549
0,3,4,315809
0,3,5,33463
0,3,6,3367
0,3,7,264
0,3,8,13
0,4,8,65
0,4,4,1338388
0,4,5,177497
0,4,6,19409
0,4,7,1396
0,5,8,331
0,5,5,542415
0,5,6,80189
0,5,7,7223
0,6,8,1448
0,6,6,166296
0,6,7,24835
0,7,8,3752
0,7,7,40157
0,8,8,4681
1,0,3,725
1,0,4,214
1,0,5,19
1,0,6,2
1,0,7,1
1,1,3,12152
1,1,4,3564
1,1,5,409
1,1,6,37
1,1,7,8
1,1,8,1
1,2,3,168869
1,2,4,43262
1,2,5,4651
1,2,6,442
1,2,7,35
1,2,8,3
1,3,3,1045215
1,3,4,315871
1,3,5,34241
1,3,6,3317
1,3,7,255
1,3,8,18
1,4,8,77
1,4,4,1338179
1,4,5,180139
1,4,6,19645
1,4,7,1430
1,5,8,354
1,5,5,538837
1,5,6,79792
1,5,7,7185
1,6,8,1377
1,6,6,166510
1,6,7,24903
1,7,8,3721
1,7,7,40103
1,8,8,4745
2,0,3,733
2,0,4,191
2,0,5,21
2,0,6,1
2,0,7,1
2,1,3,11920
2,1,4,3552
2,1,5,444
2,1,6,42
2,1,7,10
2,1,8,1
2,2,3,168523
2,2,4,42568
2,2,5,4628
2,2,6,452
2,2,7,35
2,2,8,4
2,3,3,1045785
2,3,4,315379
2,3,5,34027
2,3,6,3379
2,3,7,287
2,3,8,17
2,4,8,57
2,4,4,1339400
2,4,5,179637
2,4,6,19402
2,4,7,1464
2,5,8,334
2,5,5,539539
2,5,6,79202
2,5,7,7276
2,6,8,1398
2,6,6,167267
2,6,7,24817
2,7,8,3648
2,7,7,40030
2,8,8,4837
3,0,3,794
3,0,4,190
3,0,5,16
3,0,6,2
3,1,3,12061
3,1,4,3778
3,1,5,392
3,1,6,43
3,1,7,6
3,1,8,1
3,2,3,172074
3,2,4,43328
3,2,5,4704
3,2,6,407
3,2,7,38
3,2,8,4
3,3,3,1042032
3,3,4,317171
3,3,5,34718
3,3,6,3345
3,3,7,282
3,3,8,12
3,4,8,61
3,4,4,1336623
3,4,5,180530
3,4,6,19137
3,4,7,1413
3,5,8,344
3,5,5,537936
3,5,6,79576
3,5,7,7316
3,6,8,1446
3,6,6,167235
3,6,7,24864
3,7,8,3696
3,7,7,40001
3,8,8,4732
4,0,3,742
4,0,4,205
4,0,5,18
4,1,3,12422
4,1,4,3673
4,1,5,400
4,1,6,34
4,1,7,4
4,1,8,1
4,2,3,172884
4,2,4,44061
4,2,5,4758
4,2,6,451
4,2,7,47
4,2,8,4
4,3,3,1040913
4,3,4,321399
4,3,5,34444
4,3,6,3351
4,3,7,269
4,3,8,13
4,4,8,64
4,4,4,1331752
4,4,5,179338
4,4,6,18945
4,4,7,1465
4,5,8,343
4,5,5,539338
4,5,6,79251
4,5,7,7201
4,6,8,1415
4,6,6,167713
4,6,7,24860
4,7,8,3680
4,7,7,40074
4,8,8,4776
5,0,3,837
5,0,4,188
5,0,5,14
5,0,6,2
5,1,3,12373
5,1,4,3608
5,1,5,391
5,1,6,40
5,1,7,7
5,1,8,1
5,2,3,171960
5,2,4,43438
5,2,5,4679
5,2,6,406
5,2,7,31
5,2,8,6
5,3,3,1041791
5,3,4,315045
5,3,5,33934
5,3,6,3320
5,3,7,267
5,3,8,9
5,4,8,65
5,4,4,1338811
5,4,5,178417
5,4,6,19166
5,4,7,1454
5,5,8,359
5,5,5,540861
5,5,6,80093
5,5,7,7182
5,6,8,1435
5,6,6,166718
5,6,7,25318
5,7,8,3700
5,7,7,39661
5,8,8,4721
6,0,3,826
6,0,4,197
6,0,5,8
6,0,7,2
6,1,3,12080
6,1,4,3557
6,1,5,411
6,1,6,44
6,1,7,8
6,1,8,1
6,2,3,170071
6,2,4,42997
6,2,5,4600
6,2,6,423
6,2,7,36
6,2,8,5
6,3,3,1043984
6,3,4,318320
6,3,5,34505
6,3,6,3337
6,3,7,262
6,3,8,11
6,4,8,61
6,4,4,1336019
6,4,5,180786
6,4,6,19485
6,4,7,1449
6,5,8,343
6,5,5,537986
6,5,6,79703
6,5,7,7217
6,6,8,1425
6,6,6,166753
6,6,7,24944
6,7,8,3672
6,7,7,40002
6,8,8,4778
7,0,3,775
7,0,4,184
7,0,5,10
7,0,6,2
7,1,3,12465
7,1,4,3724
7,1,5,423
7,1,6,37
7,1,7,2
7,1,8,1
7,2,3,171714
7,2,4,42968
7,2,5,4540
7,2,6,423
7,2,7,42
7,2,8,5
7,3,3,1042007
7,3,4,316778
7,3,5,33960
7,3,6,3413
7,3,7,277
7,3,8,13
7,4,8,62
7,4,4,1337436
7,4,5,179912
7,4,6,19507
7,4,7,1419
7,5,8,340
7,5,5,539451
7,5,6,80245
7,5,7,7335
7,6,8,1421
7,6,6,166118
7,6,7,24869
7,7,8,3714
7,7,7,39976
7,8,8,4740
8,0,3,756
8,0,4,175
8,0,5,17
8,0,6,3
8,0,7,1
8,1,3,12169
8,1,4,3601
8,1,5,453
8,1,6,43
8,1,7,4
8,2,3,172669
8,2,4,42843
8,2,5,4449
8,2,6,435
8,2,7,47
8,2,8,4
8,3,3,1041367
8,3,4,316838
8,3,5,34085
8,3,6,3284
8,3,7,269
8,3,8,15
8,4,8,60
8,4,4,1337633
8,4,5,181301
8,4,6,19333
8,4,7,1430
8,5,8,344
8,5,5,537991
8,5,6,79675
8,5,7,7374
8,6,8,1458
8,6,6,166972
8,6,7,25128
8,7,8,3656
8,7,7,39667
8,8,8,4759
9,0,3,741
9,0,4,191
9,0,5,13
9,0,6,1
9,0,7,2
9,1,3,11781
9,1,4,3742
9,1,5,398
9,1,6,47
9,1,7,5
9,1,8,1
9,2,3,168622
9,2,4,43414
9,2,5,4497
9,2,6,446
9,2,7,39
9,2,8,5
9,3,3,1045817
9,3,4,319707
9,3,5,33866
9,3,6,3361
9,3,7,279
9,3,8,10
9,4,8,63
9,4,4,1334036
9,4,5,180127
9,4,6,19655
9,4,7,1407
9,5,8,349
9,5,5,539395
9,5,6,80084
9,5,7,7322
9,6,8,1381
9,6,6,166151
9,6,7,24978
9,7,8,3699
9,7,7,39888
9,8,8,4788
10,0,3,816
10,0,4,186
10,0,5,14
10,0,6,1
10,1,3,12282
10,1,4,3672
10,1,5,432
10,1,6,38
10,1,7,9
10,1,8,2
10,2,3,173656
10,2,4,43622
10,2,5,4629
10,2,6,445
10,2,7,38
10,2,8,2
10,3,3,1040207
10,3,4,318377
10,3,5,34326
10,3,6,3356
10,3,7,259
10,3,8,13
10,4,8,69
10,4,4,1335233
10,4,5,178778
10,4,6,19501
10,4,7,1435
10,5,8,352
10,5,5,540117
10,5,6,79532
10,5,7,7227
10,6,8,1425
10,6,6,166872
10,6,7,24749
10,7,8,3692
10,7,7,40203
10,8,8,4741
11,0,3,730
11,0,4,182
11,0,5,19
11,0,6,1
11,1,3,12022
11,1,4,3643
11,1,5,430
11,1,6,35
11,1,7,5
11,1,8,1
11,2,3,169922
11,2,4,42964
11,2,5,4468
11,2,6,453
11,2,7,34
11,2,8,5
11,3,3,1044287
11,3,4,318701
11,3,5,33807
11,3,6,3289
11,3,7,275
11,3,8,14
11,4,8,61
11,4,4,1335600
11,4,5,178540
11,4,6,19139
11,4,7,1463
11,5,8,364
11,5,5,541032
11,5,6,79089
11,5,7,7135
11,6,8,1381
11,6,6,167739
11,6,7,25192
11,7,8,3683
11,7,7,39816
11,8,8,4787
12,0,3,768
12,0,4,192
12,0,5,12
12,1,3,12485
12,1,4,3613
12,1,5,436
12,1,6,44
12,1,7,4
12,1,8,1
12,2,3,174936
12,2,4,43110
12,2,5,4640
12,2,6,431
12,2,7,45
12,2,8,4
12,3,3,1038772
12,3,4,316849
12,3,5,34607
12,3,6,3408
12,3,7,279
12,3,8,14
12,4,8,68
12,4,4,1337326
12,4,5,180238
12,4,6,19261
12,4,7,1457
12,5,8,354
12,5,5,538363
12,5,6,79796
12,5,7,7426
12,6,8,1419
12,6,6,166805
12,6,7,24953
12,7,8,3706
12,7,7,39756
12,8,8,4730
13,0,3,732
13,0,4,193
13,0,5,15
13,0,6,1
13,1,3,12192
13,1,4,3620
13,1,5,426
13,1,6,37
13,1,7,6
13,1,8,1
13,2,3,172285
13,2,4,42964
13,2,5,4634
13,2,6,453
13,2,7,33
13,2,8,5
13,3,3,1041752
13,3,4,314933
13,3,5,34048
13,3,6,3239
13,3,7,259
13,3,8,11
13,4,8,66
13,4,4,1339380
13,4,5,179959
13,4,6,19463
13,4,7,1486
13,5,8,337
13,5,5,539214
13,5,6,80026
13,5,7,7298
13,6,8,1437
13,6,6,166526
13,6,7,24828
13,7,8,3672
13,7,7,40010
13,8,8,4767
14,0,3,814
14,0,4,199
14,0,5,20
14,0,7,1
14,1,3,12259
14,1,4,3784
14,1,5,459
14,1,6,38
14,1,7,5
14,1,8,1
14,2,3,170549
14,2,4,43895
14,2,5,4563
14,2,6,441
14,2,7,29
14,2,8,4
14,3,3,1043339
14,3,4,320418
14,3,5,34095
14,3,6,3396
14,3,7,262
14,3,8,12
14,4,8,75
14,4,4,1332794
14,4,5,179531
14,4,6,19832
14,4,7,1388
14,5,8,321
14,5,5,539628
14,5,6,80308
14,5,7,7127
14,6,8,1408
14,6,6,165730
14,6,7,24818
14,7,8,3705
14,7,7,40290
14,8,8,4770
15,0,3,790
15,0,4,166
15,0,5,18
15,0,6,1
15,1,3,12227
15,1,4,3603
15,1,5,457
15,1,6,41
15,1,7,9
15,1,8,1
15,2,3,172431
15,2,4,42972
15,2,5,4544
15,2,6,414
15,2,7,52
15,2,8,4
15,3,3,1041513
15,3,4,316362
15,3,5,34251
15,3,6,3336
15,3,7,265
15,3,8,16
15,4,8,62
15,4,4,1337987
15,4,5,180440
15,4,6,19499
15,4,7,1432
15,5,8,338
15,5,5,538586
15,5,6,80052
15,5,7,7106
15,6,8,1406
15,6,6,166402
15,6,7,24744
15,7,8,3670
15,7,7,40312
15,8,8,4799
16,0,3,751
16,0,4,191
16,0,5,17
16,0,6,1
16,0,7,1
16,1,3,12383
16,1,4,3800
16,1,5,405
16,1,6,39
16,1,7,5
16,2,3,172011
16,2,4,43904
16,2,5,4665
16,2,6,421
16,2,7,37
16,2,8,6
16,3,3,1041816
16,3,4,319833
16,3,5,34700
16,3,6,3271
16,3,7,283
16,3,8,13
16,4,8,65
16,4,4,1333362
16,4,5,179956
16,4,6,18982
16,4,7,1428
16,5,8,348
16,5,5,538553
16,5,6,79091
16,5,7,7278
16,6,8,1444
16,6,6,167940
16,6,7,25016
16,7,8,3654
16,7,7,39872
16,8,8,4766
17,0,3,824
17,0,4,186
17,0,5,17
17,0,6,1
17,1,3,12325
17,1,4,3620
17,1,5,415
17,1,6,45
17,1,7,7
17,1,8,2
17,2,3,170769
17,2,4,43337
17,2,5,4637
17,2,6,430
17,2,7,39
17,2,8,4
17,3,3,1043043
17,3,4,317305
17,3,5,34384
17,3,6,3337
17,3,7,241
17,3,8,13
17,4,8,60
17,4,4,1336642
17,4,5,180404
17,4,6,19492
17,4,7,1462
17,5,8,334
17,5,5,538439
17,5,6,80175
17,5,7,7275
17,6,8,1464
17,6,6,166265
17,6,7,24923
17,7,8,3692
17,7,7,39973
17,8,8,4727
18,0,3,835
18,0,4,198
18,0,5,14
18,0,6,1
18,0,7,2
18,1,3,12744
18,1,4,3771
18,1,5,415
18,1,6,41
18,1,7,4
18,1,8,2
18,2,3,174061
18,2,4,43530
18,2,5,4681
18,2,6,421
18,2,7,49
18,2,8,3
18,3,3,1039321
18,3,4,318307
18,3,5,34739
18,3,6,3228
18,3,7,269
18,3,8,12
18,4,8,65
18,4,4,1335284
18,4,5,180578
18,4,6,19115
18,4,7,1473
18,5,8,363
18,5,5,537869
18,5,6,80230
18,5,7,7393
18,6,8,1439
18,6,6,166709
18,6,7,25193
18,7,8,3690
18,7,7,39537
18,8,8,4722
19,0,3,799
19,0,4,175
19,0,5,12
19,0,6,4
19,1,3,12495
19,1,4,3709
19,1,5,428
19,1,6,27
19,1,7,8
19,2,3,172327
19,2,4,43882
19,2,5,4627
19,2,6,443
19,2,7,38
19,2,8,7
19,3,3,1041340
19,3,4,317669
19,3,5,33975
19,3,6,3361
19,3,7,255
19,3,8,9
19,4,8,67
19,4,4,1335655
19,4,5,178914
19,4,6,19348
19,4,7,1491
19,5,8,359
19,5,5,540340
19,5,6,79866
19,5,7,7286
19,6,8,1405
19,6,6,166696
19,6,7,24834
19,7,8,3686
19,7,7,40008
19,8,8,4763
20,0,3,849
20,0,4,187
20,0,5,15
20,0,6,3
20,1,3,11974
20,1,4,3579
20,1,5,434
20,1,6,37
20,1,7,7
20,1,8,1
20,2,3,171605
20,2,4,43327
20,2,5,4700
20,2,6,424
20,2,7,42
20,2,8,4
20,3,3,1042533
20,3,4,316222
20,3,5,34077
20,3,6,3287
20,3,7,285
20,3,8,11
20,4,8,65
20,4,4,1337775
20,4,5,178677
20,4,6,19176
20,4,7,1473
20,5,8,334
20,5,5,540393
20,5,6,79792
20,5,7,7261
20,6,8,1449
20,6,6,167026
20,6,7,25018
20,7,8,3675
20,7,7,39834
20,8,8,4757
21,0,3,756
21,0,4,207
21,0,5,19
21,0,6,1
21,1,3,12339
21,1,4,3738
21,1,5,389
21,1,6,36
21,1,7,5
21,1,8,1
21,2,3,169023
21,2,4,43735
21,2,5,4642
21,2,6,424
21,2,7,44
21,2,8,4
21,3,3,1044843
21,3,4,319161
21,3,5,34301
21,3,6,3256
21,3,7,274
21,3,8,13
21,4,8,74
21,4,4,1334249
21,4,5,180418
21,4,6,19468
21,4,7,1417
21,5,8,353
21,5,5,538527
21,5,6,79150
21,5,7,7325
21,6,8,1418
21,6,6,167410
21,6,7,24697
21,7,8,3656
21,7,7,40158
21,8,8,4777
22,0,3,770
22,0,4,194
22,0,5,21
22,0,6,2
22,1,3,12539
22,1,4,3599
22,1,5,411
22,1,6,47
22,1,7,8
22,1,8,1
22,2,3,171998
22,2,4,42775
22,2,5,4688
22,2,6,470
22,2,7,42
22,2,8,6
22,3,3,1041654
22,3,4,316350
22,3,5,34484
22,3,6,3471
22,3,7,261
22,3,8,9
22,4,8,65
22,4,4,1338172
22,4,5,180585
22,4,6,19503
22,4,7,1455
22,5,8,324
22,5,5,538107
22,5,6,80169
22,5,7,7333
22,6,8,1413
22,6,6,166083
22,6,7,24842
22,7,8,3686
22,7,7,39979
22,8,8,4792
23,0,3,789
23,0,4,199
23,0,5,14
23,0,6,4
23,1,3,12220
23,1,4,3701
23,1,5,414
23,1,6,45
23,1,7,8
23,2,3,170181
23,2,4,43598
23,2,5,4656
23,2,6,434
23,2,7,42
23,2,8,6
23,3,3,1043771
23,3,4,316563
23,3,5,34315
23,3,6,3409
23,3,7,296
23,3,8,17
23,4,8,68
23,4,4,1337029
23,4,5,179102
23,4,6,19472
23,4,7,1456
23,5,8,349
23,5,5,539795
23,5,6,79729
23,5,7,7287
23,6,8,1451
23,6,6,166652
23,6,7,24849
23,7,8,3677
23,7,7,39982
23,8,8,4728
24,0,3,785
24,0,4,171
24,0,5,17
24,0,6,2
24,1,3,12230
24,1,4,3738
24,1,5,421
24,1,6,37
24,1,7,14
24,1,8,1
24,2,3,172915
24,2,4,44226
24,2,5,4835
24,2,6,426
24,2,7,39
24,2,8,3
24,3,3,1041031
24,3,4,320609
24,3,5,34531
24,3,6,3403
24,3,7,293
24,3,8,15
24,4,8,66
24,4,4,1332346
24,4,5,178764
24,4,6,19676
24,4,7,1454
24,5,8,339
24,5,5,539728
24,5,6,79479
24,5,7,7482
24,6,8,1424
24,6,6,166722
24,6,7,24837
24,7,8,3662
24,7,7,39801
24,8,8,4786
25,0,3,804
25,0,4,177
25,0,5,15
25,0,7,1
25,1,3,12173
25,1,4,3633
25,1,5,430
25,1,6,42
25,1,7,6
25,1,8,1
25,2,3,171007
25,2,4,42697
25,2,5,4575
25,2,6,428
25,2,7,35
25,2,8,4
25,3,3,1042977
25,3,4,315618
25,3,5,33751
25,3,6,3221
25,3,7,283
25,3,8,13
25,4,8,62
25,4,4,1338965
25,4,5,179825
25,4,6,19315
25,4,7,1442
25,5,8,329
25,5,5,539700
25,5,6,79638
25,5,7,7402
25,6,8,1417
25,6,6,167101
25,6,7,25052
25,7,8,3645
25,7,7,39699
25,8,8,4825
26,0,3,847
26,0,4,184
26,0,5,20
26,0,6,1
26,0,7,1
26,1,3,12414
26,1,4,3617
26,1,5,420
26,1,6,43
26,1,7,10
26,1,8,1
26,2,3,171682
26,2,4,42748
26,2,5,4666
26,2,6,424
26,2,7,37
26,2,8,4
26,3,3,1042018
26,3,4,317700
26,3,5,34353
26,3,6,3364
26,3,7,275
26,3,8,15
26,4,8,66
26,4,4,1336841
26,4,5,180011
26,4,6,19096
26,4,7,1482
26,5,8,325
26,5,5,538826
26,5,6,79771
26,5,7,7276
26,6,8,1446
26,6,6,167046
26,6,7,25006
26,7,8,3671
26,7,7,39833
26,8,8,4768
27,0,3,838
27,0,4,187
27,0,5,20
27,0,6,1
27,1,3,12462
27,1,4,3579
27,1,5,393
27,1,6,43
27,1,7,6
27,2,3,174088
27,2,4,43083
27,2,5,4439
27,2,6,436
27,2,7,43
27,2,8,6
27,3,3,1039573
27,3,4,315139
27,3,5,33909
27,3,6,3315
27,3,7,264
27,3,8,12
27,4,8,68
27,4,4,1339102
27,4,5,179909
27,4,6,19387
27,4,7,1425
27,5,8,372
27,5,5,539626
27,5,6,79503
27,5,7,7081
27,6,8,1475
27,6,6,167060
27,6,7,24658
27,7,8,3691
27,7,7,40443
27,8,8,4672
28,0,3,813
28,0,4,177
28,0,5,14
28,0,6,1
28,1,3,12363
28,1,4,3682
28,1,5,439
28,1,6,37
28,1,7,7
28,2,3,173723
28,2,4,43635
28,2,5,4700
28,2,6,431
28,2,7,39
28,2,8,5
28,3,3,1040062
28,3,4,319369
28,3,5,34625
28,3,6,3338
28,3,7,280
28,3,8,11
28,4,8,68
28,4,4,1334227
28,4,5,179138
28,4,6,19630
28,4,7,1430
28,5,8,346
28,5,5,539380
28,5,6,79833
28,5,7,7148
28,6,8,1434
28,6,6,166475
28,6,7,24826
28,7,8,3707
28,7,7,40190
28,8,8,4725
29,0,3,744
29,0,4,169
29,0,5,10
29,0,6,1
29,0,7,1
29,1,3,10957
29,1,4,3178
29,1,5,366
29,1,6,30
29,1,7,5
29,2,3,153540
29,2,4,36989
29,2,5,4097
29,2,6,398
29,2,7,42
29,2,8,3
29,3,3,935145
29,3,4,275180
29,3,5,29394
29,3,6,2859
29,3,7,220
29,3,8,13
29,4,8,48
29,4,4,1157670
29,4,5,153167
29,4,6,16455
29,4,7,1096
29,5,8,312
29,5,5,462196
29,5,6,67030
29,5,7,5763
29,6,8,1111
29,6,6,137342
29,6,7,19749
29,7,8,3071
29,7,7,32120
29,8,8,3957
