lexicon,lev, length_count, neighbors
real,1,8,2
real,1,4,5187
real,1,5,978
real,1,6,111
real,1,7,19
real,2,8,11
real,2,4,48441
real,2,5,7858
real,2,6,664
real,2,7,57
real,3,8,29
real,3,4,314160
real,3,5,49789
real,3,6,4499
real,3,7,421
real,4,8,131
real,4,4,1316742
real,4,5,226051
real,4,6,24411
real,4,7,2259
real,5,8,580
real,5,5,593799
real,5,6,91068
real,5,7,10398
real,6,8,2259
real,6,6,183837
real,6,7,32342
real,7,8,5975
real,7,7,48465
real,8,8,6944
0,1,4,3256
0,1,5,228
0,1,6,6
0,2,4,47392
0,2,5,4087
0,2,6,184
0,2,7,6
0,3,8,2
0,3,4,354305
0,3,5,43438
0,3,6,2329
0,3,7,150
0,4,8,26
0,4,4,1279577
0,4,5,240141
0,4,6,18809
0,4,7,1201
0,5,8,308
0,5,5,590581
0,5,6,89709
0,5,7,7889
0,6,8,1701
0,6,6,193553
0,6,7,30882
0,7,8,5759
0,7,7,53833
0,8,8,8135
1,1,4,3320
1,1,5,248
1,1,6,11
1,1,7,1
1,2,4,48256
1,2,5,4595
1,2,6,175
1,2,7,10
1,3,8,5
1,3,4,352345
1,3,5,45310
1,3,6,2110
1,3,7,101
1,4,8,38
1,4,4,1280609
1,4,5,241102
1,4,6,18274
1,4,7,1261
1,5,8,291
1,5,5,587220
1,5,6,90172
1,5,7,8276
1,6,8,1705
1,6,6,193848
1,6,7,31703
1,7,8,5857
1,7,7,52609
1,8,8,8035
2,1,4,3351
2,1,5,254
2,1,6,6
2,2,4,48924
2,2,5,4544
2,2,6,164
2,2,7,10
2,3,8,3
2,3,4,354959
2,3,5,44712
2,3,6,2261
2,3,7,115
2,4,8,35
2,4,4,1277296
2,4,5,240052
2,4,6,18860
2,4,7,1335
2,5,8,278
2,5,5,588913
2,5,6,91252
2,5,7,8295
2,6,8,1577
2,6,6,192047
2,6,7,31441
2,7,8,5554
2,7,7,52765
2,8,8,8484
3,1,4,3304
3,1,5,293
3,1,6,8
3,2,4,47806
3,2,5,4548
3,2,6,161
3,2,7,3
3,3,8,3
3,3,4,356322
3,3,5,45574
3,3,6,2211
3,3,7,88
3,4,8,35
3,4,4,1277098
3,4,5,243092
3,4,6,18579
3,4,7,1080
3,5,8,268
3,5,5,584968
3,5,6,89975
3,5,7,7631
3,6,8,1622
3,6,6,193656
3,6,7,30791
3,7,8,5704
3,7,7,54368
3,8,8,8299
4,1,4,3509
4,1,5,237
4,1,6,5
4,2,4,49856
4,2,5,4266
4,2,6,182
4,2,7,4
4,3,8,2
4,3,4,362802
4,3,5,42587
4,3,6,2367
4,3,7,99
4,4,8,37
4,4,4,1268363
4,4,5,238152
4,4,6,19094
4,4,7,977
4,5,8,252
4,5,5,593233
4,5,6,90735
4,5,7,7269
4,6,8,1579
4,6,6,192207
4,6,7,30505
4,7,8,5471
4,7,7,55107
4,8,8,8590
5,1,4,3246
5,1,5,237
5,1,6,7
5,2,4,47755
5,2,5,4076
5,2,6,187
5,2,7,6
5,3,8,2
5,3,4,352894
5,3,5,41904
5,3,6,2388
5,3,7,90
5,4,8,35
5,4,4,1280635
5,4,5,235271
5,4,6,19123
5,4,7,1048
5,5,8,309
5,5,5,596987
5,5,6,92268
5,5,7,7466
5,6,8,1710
5,6,6,190617
5,6,7,30508
5,7,8,5758
5,7,7,54843
5,8,8,8117
6,1,4,3505
6,1,5,209
6,1,6,13
6,2,4,48325
6,2,5,3885
6,2,6,183
6,2,7,8
6,3,8,2
6,3,4,358332
6,3,5,41241
6,3,6,2435
6,3,7,101
6,4,8,30
6,4,4,1274368
6,4,5,233490
6,4,6,19348
6,4,7,1233
6,5,8,274
6,5,5,599650
6,5,6,91549
6,5,7,8248
6,6,8,1697
6,6,6,191062
6,6,7,31448
6,7,8,5728
6,7,7,52923
6,8,8,8200
7,1,4,3546
7,1,5,230
7,1,6,6
7,2,4,50346
7,2,5,4397
7,2,6,170
7,2,7,6
7,3,8,3
7,3,4,366709
7,3,5,44303
7,3,6,2301
7,3,7,91
7,4,8,29
7,4,4,1263929
7,4,5,241091
7,4,6,18927
7,4,7,1054
7,5,8,305
7,5,5,588454
7,5,6,91692
7,5,7,7806
7,6,8,1885
7,6,6,191494
7,6,7,31143
7,7,8,5902
7,7,7,53861
7,8,8,7807
8,1,4,3348
8,1,5,203
8,1,6,10
8,1,7,1
8,2,4,47950
8,2,5,3959
8,2,6,190
8,2,7,5
8,3,8,3
8,3,4,358572
8,3,5,41272
8,3,6,2369
8,3,7,116
8,4,8,48
8,4,4,1274660
8,4,5,235686
8,4,6,19387
8,4,7,1158
8,5,8,317
8,5,5,597355
8,5,6,91249
8,5,7,8024
8,6,8,1770
8,6,6,191385
8,6,7,31310
8,7,8,5627
8,7,7,53347
8,8,8,8166
9,1,4,3328
9,1,5,237
9,1,6,9
9,2,4,49033
9,2,5,4311
9,2,6,161
9,2,7,4
9,3,8,1
9,3,4,362669
9,3,5,43625
9,3,6,2268
9,3,7,96
9,4,8,31
9,4,4,1269500
9,4,5,239430
9,4,6,18582
9,4,7,1160
9,5,8,287
9,5,5,590872
9,5,6,89878
9,5,7,7931
9,6,8,1647
9,6,6,193692
9,6,7,31257
9,7,8,5658
9,7,7,53513
9,8,8,8307
10,1,4,3456
10,1,5,257
10,1,6,4
10,1,7,1
10,2,4,48714
10,2,5,4552
10,2,6,159
10,2,7,4
10,3,8,2
10,3,4,357762
10,3,5,45103
10,3,6,2204
10,3,7,106
10,4,8,30
10,4,4,1274598
10,4,5,243224
10,4,6,18689
10,4,7,1106
10,5,8,296
10,5,5,585339
10,5,6,90508
10,5,7,7864
10,6,8,1629
10,6,6,193026
10,6,7,31708
10,7,8,5611
10,7,7,53172
10,8,8,8363
11,1,4,3269
11,1,5,196
11,1,6,7
11,1,7,1
11,2,4,47778
11,2,5,4060
11,2,6,162
11,2,7,5
11,3,8,3
11,3,4,356410
11,3,5,42879
11,3,6,2212
11,3,7,128
11,4,8,40
11,4,4,1277073
11,4,5,240495
11,4,6,18566
11,4,7,1318
11,5,8,303
11,5,5,590845
11,5,6,90049
11,5,7,8310
11,6,8,1670
11,6,6,193594
11,6,7,31740
11,7,8,5723
11,7,7,52459
11,8,8,8192
12,1,4,3448
12,1,5,231
12,1,6,10
12,2,4,49370
12,2,5,4136
12,2,6,221
12,2,7,5
12,3,8,1
12,3,4,363175
12,3,5,42670
12,3,6,2326
12,3,7,93
12,4,8,22
12,4,4,1268537
12,4,5,238961
12,4,6,19541
12,4,7,1103
12,5,8,249
12,5,5,592477
12,5,6,92904
12,5,7,7713
12,6,8,1553
12,6,6,189588
12,6,7,31221
12,7,8,5502
12,7,7,53826
12,8,8,8604
13,1,4,3110
13,1,5,221
13,1,6,5
13,2,4,46084
13,2,5,4135
13,2,6,158
13,2,7,7
13,3,8,2
13,3,4,348370
13,3,5,42600
13,3,6,2144
13,3,7,124
13,4,8,24
13,4,4,1286966
13,4,5,237825
13,4,6,17885
13,4,7,1209
13,5,8,290
13,5,5,593694
13,5,6,89503
13,5,7,8132
13,6,8,1699
13,6,6,194895
13,6,7,31659
13,7,8,5590
13,7,7,52830
13,8,8,8326
14,1,4,3106
14,1,5,236
14,1,6,4
14,2,4,46559
14,2,5,4221
14,2,6,176
14,2,7,4
14,3,8,1
14,3,4,351894
14,3,5,41679
14,3,6,2262
14,3,7,141
14,4,8,33
14,4,4,1282971
14,4,5,237376
14,4,6,19237
14,4,7,1225
14,5,8,285
14,5,5,594963
14,5,6,90710
14,5,7,8151
14,6,8,1673
14,6,6,192201
14,6,7,31448
14,7,8,5575
14,7,7,52992
14,8,8,8364
15,1,4,3144
15,1,5,202
15,1,6,9
15,1,7,1
15,2,4,46801
15,2,5,4279
15,2,6,222
15,2,7,4
15,3,4,351668
15,3,5,42489
15,3,6,2330
15,3,7,114
15,4,8,40
15,4,4,1282917
15,4,5,238233
15,4,6,19679
15,4,7,1224
15,5,8,301
15,5,5,593272
15,5,6,92990
15,5,7,8167
15,6,8,1730
15,6,6,189360
15,6,7,31525
15,7,8,5677
15,7,7,52926
15,8,8,8183
16,1,4,3351
16,1,5,231
16,1,6,6
16,2,4,47742
16,2,5,4189
16,2,6,157
16,2,7,5
16,3,8,2
16,3,4,352627
16,3,5,42189
16,3,6,2143
16,3,7,87
16,4,8,26
16,4,4,1280810
16,4,5,237827
16,4,6,18422
16,4,7,1060
16,5,8,262
16,5,5,594039
16,5,6,90812
16,5,7,7699
16,6,8,1496
16,6,6,193050
16,6,7,31165
16,7,8,5505
16,7,7,53945
16,8,8,8640
17,1,4,3303
17,1,5,248
17,1,6,11
17,2,4,48681
17,2,5,4389
17,2,6,181
17,2,7,6
17,3,8,3
17,3,4,362062
17,3,5,43207
17,3,6,2275
17,3,7,114
17,4,8,25
17,4,4,1270484
17,4,5,237629
17,4,6,18693
17,4,7,1177
17,5,8,264
17,5,5,593002
17,5,6,90211
17,5,7,7713
17,6,8,1677
17,6,6,193219
17,6,7,31093
17,7,8,5822
17,7,7,53858
17,8,8,8140
18,1,4,3205
18,1,5,250
18,1,6,12
18,2,4,47101
18,2,5,4377
18,2,6,161
18,2,7,5
18,3,8,2
18,3,4,353870
18,3,5,43892
18,3,6,2299
18,3,7,101
18,4,8,21
18,4,4,1280354
18,4,5,241181
18,4,6,18560
18,4,7,1184
18,5,8,274
18,5,5,588775
18,5,6,90748
18,5,7,7710
18,6,8,1568
18,6,6,192810
18,6,7,30510
18,7,8,5689
18,7,7,54451
18,8,8,8377
19,1,4,3248
19,1,5,225
19,1,6,3
19,2,4,46296
19,2,5,4316
19,2,6,166
19,2,7,8
19,3,8,1
19,3,4,349509
19,3,5,43612
19,3,6,2175
19,3,7,102
19,4,8,44
19,4,4,1285477
19,4,5,241297
19,4,6,17951
19,4,7,1097
19,5,8,275
19,5,5,589025
19,5,6,89386
19,5,7,7992
19,6,8,1697
19,6,6,194909
19,6,7,31299
19,7,8,5625
19,7,7,53463
19,8,8,8289
20,1,4,3396
20,1,5,227
20,1,6,7
20,2,4,48387
20,2,5,4203
20,2,6,152
20,2,7,7
20,3,8,2
20,3,4,357539
20,3,5,42404
20,3,6,2238
20,3,7,94
20,4,8,36
20,4,4,1275208
20,4,5,237237
20,4,6,18689
20,4,7,1121
20,5,8,279
20,5,5,594404
20,5,6,90095
20,5,7,7588
20,6,8,1741
20,6,6,193409
20,6,7,30926
20,7,8,5787
20,7,7,54225
20,8,8,8086
21,1,4,3384
21,1,5,242
21,1,6,12
21,2,4,48163
21,2,5,4425
21,2,6,172
21,2,7,4
21,3,8,5
21,3,4,358538
21,3,5,43949
21,3,6,2327
21,3,7,80
21,4,8,41
21,4,4,1274445
21,4,5,240196
21,4,6,19564
21,4,7,926
21,5,8,329
21,5,5,589663
21,5,6,92670
21,5,7,7064
21,6,8,1880
21,6,6,189845
21,6,7,30147
21,7,8,5766
21,7,7,55740
21,8,8,7910
22,1,4,3283
22,1,5,229
22,1,6,10
22,2,4,47603
22,2,5,4405
22,2,6,176
22,2,7,13
22,3,8,3
22,3,4,359533
22,3,5,43152
22,3,6,2484
22,3,7,125
22,4,8,35
22,4,4,1274111
22,4,5,238434
22,4,6,19505
22,4,7,1089
22,5,8,304
22,5,5,592255
22,5,6,91557
22,5,7,7363
22,6,8,1770
22,6,6,190858
22,6,7,30664
22,7,8,5747
22,7,7,54707
22,8,8,8072
23,1,4,3272
23,1,5,292
23,1,6,11
23,2,4,47318
23,2,5,4625
23,2,6,168
23,2,7,7
23,3,8,2
23,3,4,348584
23,3,5,45463
23,3,6,2350
23,3,7,106
23,4,8,33
23,4,4,1285356
23,4,5,242755
23,4,6,19173
23,4,7,1172
23,5,8,274
23,5,5,585340
23,5,6,91784
23,5,7,7694
23,6,8,1639
23,6,6,191104
23,6,7,31262
23,7,8,5621
23,7,7,53720
23,8,8,8362
24,1,4,3257
24,1,5,255
24,1,6,15
24,2,4,47622
24,2,5,4370
24,2,6,152
24,2,7,4
24,3,8,4
24,3,4,357462
24,3,5,43964
24,3,6,2147
24,3,7,110
24,4,8,36
24,4,4,1276189
24,4,5,240313
24,4,6,18911
24,4,7,1177
24,5,8,337
24,5,5,589573
24,5,6,92115
24,5,7,7809
24,6,8,1675
24,6,6,191250
24,6,7,31064
24,7,8,5731
24,7,7,53797
24,8,8,8148
25,1,4,3243
25,1,5,244
25,1,6,12
25,2,4,47140
25,2,5,4540
25,2,6,159
25,2,7,4
25,3,8,3
25,3,4,351428
25,3,5,44508
25,3,6,2418
25,3,7,91
25,4,8,24
25,4,4,1282719
25,4,5,241126
25,4,6,19560
25,4,7,1119
25,5,8,259
25,5,5,588057
25,5,6,91498
25,5,7,7641
25,6,8,1471
25,6,6,190943
25,6,7,31225
25,7,8,5606
25,7,7,53881
25,8,8,8568
26,1,4,3382
26,1,5,223
26,1,6,5
26,2,4,48505
26,2,5,4255
26,2,6,179
26,2,7,7
26,3,8,4
26,3,4,355549
26,3,5,42952
26,3,6,2579
26,3,7,100
26,4,8,29
26,4,4,1277094
26,4,5,239975
26,4,6,20334
26,4,7,1094
26,5,8,253
26,5,5,591070
26,5,6,93942
26,5,7,7711
26,6,8,1581
26,6,6,187551
26,6,7,31068
26,7,8,5519
26,7,7,53981
26,8,8,8545
27,1,4,3354
27,1,5,196
27,1,6,12
27,2,4,47524
27,2,5,4183
27,2,6,200
27,2,7,5
27,3,8,3
27,3,4,354831
27,3,5,42792
27,3,6,2472
27,3,7,83
27,4,8,24
27,4,4,1278821
27,4,5,237774
27,4,6,20043
27,4,7,1018
27,5,8,281
27,5,5,593530
27,5,6,91645
27,5,7,7450
27,6,8,1598
27,6,6,190218
27,6,7,30564
27,7,8,5513
27,7,7,54841
27,8,8,8512
28,1,4,3240
28,1,5,241
28,1,6,5
28,2,8,1
28,2,4,47173
28,2,5,4215
28,2,6,168
28,2,7,6
28,3,8,2
28,3,4,354732
28,3,5,43164
28,3,6,2223
28,3,7,108
28,4,8,39
28,4,4,1279385
28,4,5,239813
28,4,6,19358
28,4,7,1159
28,5,8,312
28,5,5,591042
28,5,6,91859
28,5,7,7980
28,6,8,1827
28,6,6,190977
28,6,7,31312
28,7,8,5633
28,7,7,53396
28,8,8,8117
29,1,4,3424
29,1,5,256
29,1,6,10
29,2,4,47754
29,2,5,4625
29,2,6,184
29,2,7,6
29,3,8,1
29,3,4,352324
29,3,5,45004
29,3,6,2385
29,3,7,97
29,4,8,33
29,4,4,1281028
29,4,5,242950
29,4,6,19326
29,4,7,1012
29,5,8,301
29,5,5,585640
29,5,6,91514
29,5,7,7616
29,6,8,1724
29,6,6,191171
29,6,7,31249
29,7,8,5586
29,7,7,53981
29,8,8,8286
