lexicon,lev, length_count, neighbors
real,0,3,303
real,0,4,183
real,0,5,54
real,0,6,18
real,0,7,2
real,0,8,1
real,1,3,17107
real,1,4,6953
real,1,5,1126
real,1,6,118
real,1,7,19
real,1,8,2
real,2,3,215976
real,2,4,60291
real,2,5,8751
real,2,6,717
real,2,7,57
real,2,8,11
real,3,3,1160229
real,3,4,376449
real,3,5,54834
real,3,6,4738
real,3,7,428
real,3,8,29
real,4,8,136
real,4,4,1551127
real,4,5,245566
real,4,6,25807
real,4,7,2290
real,5,8,594
real,5,5,641179
real,5,6,95731
real,5,7,10529
real,6,8,2296
real,6,6,191672
real,6,7,32651
real,7,8,6047
real,7,7,48854
real,8,8,6994
0,0,3,109
0,0,4,5
0,1,3,6793
0,1,4,552
0,1,5,11
0,2,3,161079
0,2,4,18732
0,2,5,645
0,2,6,6
0,2,7,1
0,3,3,1225634
0,3,4,301042
0,3,5,15877
0,3,6,442
0,3,7,8
0,4,8,3
0,4,4,1674672
0,4,5,179126
0,4,6,7643
0,4,7,227
0,5,8,50
0,5,5,755851
0,5,6,70373
0,5,7,3237
0,6,8,674
0,6,6,240337
0,6,7,23649
0,7,8,4353
0,7,7,67708
0,8,8,11030
1,0,3,93
1,0,4,7
1,1,3,6632
1,1,4,530
1,1,5,12
1,2,3,160513
1,2,4,19015
1,2,5,642
1,2,6,15
1,3,3,1226377
1,3,4,303125
1,3,5,15574
1,3,6,441
1,3,7,14
1,4,8,4
1,4,4,1672326
1,4,5,179384
1,4,6,7524
1,4,7,230
1,5,8,59
1,5,5,755898
1,5,6,69182
1,5,7,3201
1,6,8,795
1,6,6,241639
1,6,7,23704
1,7,8,4552
1,7,7,67681
1,8,8,10700
2,0,3,87
2,0,4,5
2,1,3,6625
2,1,4,463
2,1,5,10
2,2,3,159872
2,2,4,18717
2,2,5,634
2,2,6,9
2,3,3,1227031
2,3,4,301234
2,3,5,14645
2,3,6,404
2,3,7,10
2,3,8,1
2,4,8,2
2,4,4,1674584
2,4,5,173666
2,4,6,7583
2,4,7,231
2,5,8,51
2,5,5,762555
2,5,6,69044
2,5,7,3163
2,6,8,695
2,6,6,241761
2,6,7,23400
2,7,8,4283
2,7,7,68026
2,8,8,11078
3,0,3,99
3,0,4,3
3,1,3,6517
3,1,4,539
3,1,5,21
3,2,3,158352
3,2,4,19160
3,2,5,659
3,2,6,9
3,3,3,1228647
3,3,4,301805
3,3,5,14362
3,3,6,429
3,3,7,5
3,4,8,1
3,4,4,1673496
3,4,5,172587
3,4,6,7323
3,4,7,215
3,5,8,54
3,5,5,763881
3,5,6,69415
3,5,7,3052
3,6,8,626
3,6,6,241625
3,6,7,23211
3,7,8,4310
3,7,7,68347
3,8,8,11119
4,0,3,97
4,0,4,4
4,1,3,6205
4,1,4,502
4,1,5,10
4,2,3,156163
4,2,4,18995
4,2,5,586
4,2,6,6
4,2,7,2
4,3,3,1231150
4,3,4,300938
4,3,5,14794
4,3,6,381
4,3,7,9
4,4,8,1
4,4,4,1674564
4,4,5,175445
4,4,6,7475
4,4,7,236
4,5,8,84
4,5,5,760675
4,5,6,68940
4,5,7,3202
4,6,8,731
4,6,6,241999
4,6,7,23290
4,7,8,4572
4,7,7,68091
4,8,8,10722
5,0,3,100
5,0,4,6
5,1,3,6823
5,1,4,527
5,1,5,9
5,2,3,161701
5,2,4,18921
5,2,5,660
5,2,6,10
5,3,3,1224991
5,3,4,302669
5,3,5,15509
5,3,6,388
5,3,7,11
5,4,8,4
5,4,4,1672880
5,4,5,178832
5,4,6,7385
5,4,7,241
5,5,8,72
5,5,5,756500
5,5,6,69488
5,5,7,3486
5,6,8,724
5,6,6,241530
5,6,7,24220
5,7,8,4505
5,7,7,66872
5,8,8,10805
6,0,3,102
6,0,4,7
6,1,3,7011
6,1,4,472
6,1,5,16
6,2,3,163171
6,2,4,18482
6,2,5,624
6,2,6,15
6,3,3,1223331
6,3,4,298376
6,3,5,15142
6,3,6,407
6,3,7,6
6,4,8,7
6,4,4,1677666
6,4,5,175856
6,4,6,7430
6,4,7,198
6,5,8,60
6,5,5,759872
6,5,6,69223
6,5,7,3057
6,6,8,743
6,6,6,241726
6,6,7,23147
6,7,8,4520
6,7,7,68422
6,8,8,10780
7,0,3,94
7,0,4,5
7,1,3,6656
7,1,4,478
7,1,5,16
7,1,6,1
7,2,3,161565
7,2,4,18476
7,2,5,596
7,2,6,12
7,3,3,1225300
7,3,4,298182
7,3,5,14518
7,3,6,380
7,3,7,10
7,4,8,7
7,4,4,1677862
7,4,5,174704
7,4,6,7265
7,4,7,242
7,5,8,69
7,5,5,761676
7,5,6,68596
7,5,7,3180
7,6,8,789
7,6,6,242547
7,6,7,23590
7,7,8,4527
7,7,7,67808
7,8,8,10718
8,0,3,82
8,0,4,10
8,1,3,6297
8,1,4,501
8,1,5,9
8,1,6,1
8,2,3,157649
8,2,4,18966
8,2,5,654
8,2,6,11
8,3,3,1229587
8,3,4,299488
8,3,5,15488
8,3,6,408
8,3,7,14
8,4,8,6
8,4,4,1676038
8,4,5,178428
8,4,6,7374
8,4,7,183
8,5,8,69
8,5,5,756931
8,5,6,68731
8,5,7,2987
8,6,8,704
8,6,6,242276
8,6,7,23131
8,7,8,4388
8,7,7,68515
8,8,8,10943
9,0,3,107
9,0,4,1
9,1,3,7036
9,1,4,495
9,1,5,21
9,2,3,164947
9,2,4,19023
9,2,5,645
9,2,6,15
9,3,3,1221525
9,3,4,301209
9,3,5,15468
9,3,6,425
9,3,7,8
9,4,8,3
9,4,4,1674275
9,4,5,178497
9,4,6,7718
9,4,7,221
9,5,8,46
9,5,5,756879
9,5,6,69640
9,5,7,3248
9,6,8,658
9,6,6,241003
9,6,7,23715
9,7,8,4308
9,7,7,67638
9,8,8,11095
10,0,3,95
10,0,4,2
10,1,3,6927
10,1,4,556
10,1,5,13
10,2,3,161348
10,2,4,19111
10,2,5,617
10,2,6,14
10,3,3,1225245
10,3,4,301655
10,3,5,15404
10,3,6,412
10,3,7,5
10,4,8,1
10,4,4,1673679
10,4,5,178681
10,4,6,7555
10,4,7,179
10,5,8,79
10,5,5,756795
10,5,6,70206
10,5,7,2996
10,6,8,696
10,6,6,240614
10,6,7,23330
10,7,8,4288
10,7,7,68320
10,8,8,11046
11,0,3,92
11,0,4,7
11,1,3,6419
11,1,4,467
11,1,5,12
11,2,3,159605
11,2,4,18009
11,2,5,572
11,2,6,13
11,2,7,1
11,3,3,1227499
11,3,4,297428
11,3,5,14576
11,3,6,380
11,3,7,8
11,4,8,1
11,4,4,1679092
11,4,5,175343
11,4,6,7769
11,4,7,236
11,5,8,62
11,5,5,761007
11,5,6,70037
11,5,7,3299
11,6,8,715
11,6,6,240602
11,6,7,23982
11,7,8,4545
11,7,7,67304
11,8,8,10787
12,0,3,95
12,0,4,1
12,1,3,6388
12,1,4,511
12,1,5,4
12,2,3,156960
12,2,4,18401
12,2,5,602
12,2,6,13
12,3,3,1230172
12,3,4,297548
12,3,5,14552
12,3,6,386
12,3,7,8
12,4,8,3
12,4,4,1678542
12,4,5,174267
12,4,6,7675
12,4,7,216
12,5,8,65
12,5,5,762085
12,5,6,69309
12,5,7,3053
12,6,8,692
12,6,6,241418
12,6,7,23087
12,7,8,4551
12,7,7,68466
12,8,8,10799
13,0,3,85
13,0,4,8
13,1,3,6338
13,1,4,503
13,1,5,16
13,1,6,1
13,2,3,157907
13,2,4,19352
13,2,5,566
13,2,6,14
13,3,3,1229285
13,3,4,306467
13,3,5,14554
13,3,6,456
13,3,7,12
13,4,8,4
13,4,4,1668673
13,4,5,173442
13,4,6,8037
13,4,7,251
13,5,8,79
13,5,5,762932
13,5,6,71549
13,5,7,3200
13,6,8,707
13,6,6,238744
13,6,7,23947
13,7,8,4526
13,7,7,67420
13,8,8,10794
14,0,3,89
14,0,4,7
14,1,3,6075
14,1,4,460
14,1,5,14
14,2,3,154171
14,2,4,18581
14,2,5,626
14,2,6,12
14,3,3,1233280
14,3,4,300779
14,3,5,14280
14,3,6,369
14,3,7,8
14,4,8,5
14,4,4,1675176
14,4,5,172134
14,4,6,7496
14,4,7,211
14,5,8,60
14,5,5,764456
14,5,6,68960
14,5,7,3310
14,6,8,700
14,6,6,241964
14,6,7,23725
14,7,8,4634
14,7,7,67576
14,8,8,10711
15,0,3,102
15,0,4,3
15,1,3,6864
15,1,4,548
15,1,5,12
15,2,3,162353
15,2,4,19861
15,2,5,572
15,2,6,9
15,3,3,1224296
15,3,4,306274
15,3,5,14744
15,3,6,401
15,3,7,6
15,3,8,1
15,4,8,4
15,4,4,1668317
15,4,5,175412
15,4,6,7253
15,4,7,243
15,5,8,66
15,5,5,760770
15,5,6,68311
15,5,7,3221
15,6,8,678
15,6,6,242827
15,6,7,23803
15,7,8,4460
15,7,7,67557
15,8,8,10901
16,0,3,120
16,0,4,6
16,1,3,6731
16,1,4,479
16,1,5,5
16,2,3,159765
16,2,4,18458
16,2,5,603
16,2,6,9
16,3,3,1226999
16,3,4,301674
16,3,5,14934
16,3,6,347
16,3,7,5
16,3,8,1
16,4,8,3
16,4,4,1674386
16,4,5,175319
16,4,6,6884
16,4,7,217
16,5,8,52
16,5,5,760649
16,5,6,66427
16,5,7,3145
16,6,8,674
16,6,6,245134
16,6,7,23540
16,7,8,4411
16,7,7,67923
16,8,8,10969
17,0,3,83
17,0,4,7
17,1,3,6401
17,1,4,521
17,1,5,10
17,2,3,157449
17,2,4,19111
17,2,5,546
17,2,6,13
17,3,3,1229682
17,3,4,302991
17,3,5,14837
17,3,6,364
17,3,7,7
17,4,8,1
17,4,4,1672373
17,4,5,175539
17,4,6,7402
17,4,7,187
17,5,8,53
17,5,5,760578
17,5,6,69155
17,5,7,2985
17,6,8,678
17,6,6,241867
17,6,7,22869
17,7,8,4302
17,7,7,68782
17,8,8,11076
18,0,3,92
18,0,4,3
18,1,3,6485
18,1,4,539
18,1,5,14
18,2,3,159416
18,2,4,19079
18,2,5,628
18,2,6,11
18,3,3,1227622
18,3,4,302073
18,3,5,15568
18,3,6,449
18,3,7,7
18,4,8,5
18,4,4,1673309
18,4,5,180533
18,4,6,7523
18,4,7,235
18,5,8,66
18,5,5,754767
18,5,6,68912
18,5,7,2970
18,6,8,707
18,6,6,241906
18,6,7,23112
18,7,8,4460
18,7,7,68506
18,8,8,10872
19,0,3,87
19,0,4,8
19,1,3,6634
19,1,4,525
19,1,5,18
19,2,3,158982
19,2,4,19152
19,2,5,594
19,2,6,10
19,3,3,1227912
19,3,4,303708
19,3,5,15137
19,3,6,464
19,3,7,8
19,4,8,6
19,4,4,1671610
19,4,5,177718
19,4,6,8036
19,4,7,223
19,5,8,82
19,5,5,758043
19,5,6,70446
19,5,7,3099
19,6,8,851
19,6,6,239845
19,6,7,23136
19,7,8,4572
19,7,7,68364
19,8,8,10599
20,0,3,94
20,0,4,5
20,1,3,6228
20,1,4,456
20,1,5,8
20,2,3,156070
20,2,4,17522
20,2,5,560
20,2,6,14
20,3,3,1231223
20,3,4,291939
20,3,5,14539
20,3,6,442
20,3,7,7
20,4,8,7
20,4,4,1685081
20,4,5,173131
20,4,6,7814
20,4,7,213
20,5,8,51
20,5,5,763272
20,5,6,70829
20,5,7,3089
20,6,8,714
20,6,6,239702
20,6,7,23654
20,7,8,4466
20,7,7,67867
20,8,8,10872
21,0,3,80
21,0,4,3
21,1,3,6134
21,1,4,491
21,1,5,15
21,1,6,1
21,2,3,154759
21,2,4,18471
21,2,5,587
21,2,6,15
21,3,3,1232642
21,3,4,299243
21,3,5,14569
21,3,6,422
21,3,7,10
21,4,8,1
21,4,4,1676795
21,4,5,172103
21,4,6,7812
21,4,7,211
21,5,8,64
21,5,5,764236
21,5,6,70480
21,5,7,3308
21,6,8,746
21,6,6,240071
21,6,7,24191
21,7,8,4500
21,7,7,67110
21,8,8,10799
22,0,3,96
22,0,4,7
22,1,3,6711
22,1,4,557
22,1,5,10
22,2,3,159929
22,2,4,18939
22,2,5,553
22,2,6,13
22,3,3,1226879
22,3,4,301782
22,3,5,14622
22,3,6,427
22,3,7,10
22,4,8,7
22,4,4,1673718
22,4,5,173359
22,4,6,7821
22,4,7,195
22,5,8,59
22,5,5,762966
22,5,6,70594
22,5,7,2937
22,6,8,739
22,6,6,239946
22,6,7,23091
22,7,8,4393
22,7,7,68597
22,8,8,10912
23,0,3,90
23,0,4,6
23,0,5,1
23,1,3,6599
23,1,4,500
23,1,5,18
23,2,3,160758
23,2,4,18979
23,2,5,609
23,2,6,11
23,3,3,1226168
23,3,4,303151
23,3,5,15047
23,3,6,420
23,3,7,11
23,4,8,1
23,4,4,1672367
23,4,5,176575
23,4,6,7591
23,4,7,201
23,5,8,48
23,5,5,759260
23,5,6,70047
23,5,7,3004
23,6,8,612
23,6,6,240732
23,6,7,22747
23,7,8,4342
23,7,7,68867
23,8,8,11107
24,0,3,71
24,0,4,6
24,1,3,6430
24,1,4,536
24,1,5,9
24,2,3,159612
24,2,4,19012
24,2,5,602
24,2,6,10
24,3,3,1227502
24,3,4,303020
24,3,5,15203
24,3,6,421
24,3,7,10
24,4,8,4
24,4,4,1672429
24,4,5,178061
24,4,6,7826
24,4,7,222
24,5,8,49
24,5,5,757635
24,5,6,69897
24,5,7,3181
24,6,8,703
24,6,6,240647
24,6,7,23641
24,7,8,4439
24,7,7,67776
24,8,8,10915
25,0,3,86
25,0,4,5
25,1,3,6755
25,1,4,503
25,1,5,15
25,2,3,161698
25,2,4,18474
25,2,5,621
25,2,6,10
25,2,7,1
25,3,3,1225076
25,3,4,298754
25,3,5,15199
25,3,6,376
25,3,7,14
25,4,8,3
25,4,4,1677267
25,4,5,176151
25,4,6,7526
25,4,7,234
25,5,8,55
25,5,5,759524
25,5,6,68528
25,5,7,3262
25,6,8,749
25,6,6,242361
25,6,7,23769
25,7,8,4536
25,7,7,67550
25,8,8,10767
26,0,3,80
26,0,4,7
26,1,3,6506
26,1,4,514
26,1,5,12
26,2,3,159058
26,2,4,19567
26,2,5,607
26,2,6,12
26,2,7,1
26,3,3,1227971
26,3,4,307681
26,3,5,15023
26,3,6,379
26,3,7,4
26,4,8,4
26,4,4,1667234
26,4,5,175888
26,4,6,7341
26,4,7,207
26,5,8,73
26,5,5,759980
26,5,6,69190
26,5,7,3254
26,6,8,718
26,6,6,241879
26,6,7,23618
26,7,8,4477
26,7,7,67746
26,8,8,10838
27,0,3,102
27,0,4,4
27,1,3,6597
27,1,4,523
27,1,5,14
27,2,3,159419
27,2,4,19000
27,2,5,617
27,2,6,11
27,3,3,1227497
27,3,4,301914
27,3,5,14541
27,3,6,394
27,3,7,1
27,4,8,3
27,4,4,1673562
27,4,5,174914
27,4,6,7321
27,4,7,209
27,5,8,52
27,5,5,761424
27,5,6,67967
27,5,7,3110
27,6,8,659
27,6,6,243108
27,6,7,23499
27,7,8,4305
27,7,7,68011
27,8,8,11091
28,0,3,97
28,0,4,7
28,1,3,6583
28,1,4,475
28,1,5,17
28,1,6,1
28,2,3,160219
28,2,4,18092
28,2,5,581
28,2,6,11
28,3,3,1226716
28,3,4,295500
28,3,5,14806
28,3,6,396
28,3,7,8
28,4,8,4
28,4,4,1680929
28,4,5,175844
28,4,6,7298
28,4,7,218
28,5,8,68
28,5,5,760262
28,5,6,68875
28,5,7,3075
28,6,8,767
28,6,6,242220
28,6,7,23024
28,7,8,4595
28,7,7,68505
28,8,8,10676
29,0,3,75
29,0,4,4
29,1,3,6613
29,1,4,497
29,1,5,11
29,2,3,159172
29,2,4,18849
29,2,5,693
29,2,6,15
29,2,7,1
29,3,3,1227755
29,3,4,301076
29,3,5,15542
29,3,6,403
29,3,7,8
29,4,8,2
29,4,4,1674577
29,4,5,178458
29,4,6,7202
29,4,7,226
29,5,8,55
29,5,5,756806
29,5,6,67677
29,5,7,3351
29,6,8,736
29,6,6,243504
29,6,7,23849
29,7,8,4643
29,7,7,67395
29,8,8,10674
