lexicon,lev, length_count, neighbors
real,0,2,94
real,0,3,303
real,0,4,183
real,0,5,54
real,0,6,18
real,0,7,2
real,0,8,1
real,1,2,2599
real,1,3,17107
real,1,4,6953
real,1,5,1126
real,1,6,118
real,1,7,19
real,1,8,2
real,2,2,21617
real,2,3,215976
real,2,4,60291
real,2,5,8751
real,2,6,717
real,2,7,57
real,2,8,11
real,3,3,1160229
real,3,4,376449
real,3,5,54834
real,3,6,4738
real,3,7,428
real,3,8,29
real,4,8,136
real,4,4,1551127
real,4,5,245566
real,4,6,25807
real,4,7,2290
real,5,8,594
real,5,5,641179
real,5,6,95731
real,5,7,10529
real,6,8,2296
real,6,6,191672
real,6,7,32651
real,7,8,6047
real,7,7,48854
real,8,8,6994
0,0,2,376
0,0,3,1320
0,0,4,283
0,0,5,12
0,0,6,2
0,1,2,3263
0,1,3,26518
0,1,4,6297
0,1,5,278
0,1,6,11
0,1,8,1
0,2,2,20671
0,2,3,231376
0,2,4,61352
0,2,5,4202
0,2,6,234
0,2,7,6
0,3,3,1134401
0,3,4,377879
0,3,5,37808
0,3,6,2346
0,3,7,99
0,3,8,2
0,4,8,24
0,4,4,1549192
0,4,5,216548
0,4,6,17552
0,4,7,934
0,5,8,245
0,5,5,692662
0,5,6,81746
0,5,7,6313
0,6,8,1339
0,6,6,216910
0,6,7,26831
0,7,8,4913
0,7,7,60647
0,8,8,9586
1,0,2,471
1,0,3,1288
1,0,4,332
1,0,5,11
1,0,6,2
1,1,2,3301
1,1,3,26087
1,1,4,6191
1,1,5,313
1,1,6,22
1,2,2,20538
1,2,3,223638
1,2,4,62725
1,2,5,4253
1,2,6,256
1,2,7,10
1,3,3,1142602
1,3,4,379956
1,3,5,38679
1,3,6,2546
1,3,7,113
1,3,8,2
1,4,8,21
1,4,4,1545799
1,4,5,213936
1,4,6,17735
1,4,7,955
1,5,8,204
1,5,5,694318
1,5,6,81604
1,5,7,6179
1,6,8,1212
1,6,6,216636
1,6,7,26053
1,7,8,4942
1,7,7,61520
1,8,8,9729
2,0,2,418
2,0,3,1335
2,0,4,278
2,0,5,10
2,1,2,3331
2,1,3,25492
2,1,4,5829
2,1,5,360
2,1,6,15
2,2,2,20561
2,2,3,225958
2,2,4,60110
2,2,5,4484
2,2,6,228
2,2,7,8
2,3,3,1140830
2,3,4,387275
2,3,5,38560
2,3,6,2376
2,3,7,111
2,3,8,9
2,4,8,25
2,4,4,1541511
2,4,5,215867
2,4,6,17097
2,4,7,958
2,5,8,231
2,5,5,692229
2,5,6,81674
2,5,7,6165
2,6,8,1209
2,6,6,217411
2,6,7,26547
2,7,8,5042
2,7,7,61041
2,8,8,9594
3,0,2,418
3,0,3,1203
3,0,4,299
3,0,5,14
3,0,6,3
3,1,2,2930
3,1,3,25957
3,1,4,6040
3,1,5,272
3,1,6,9
3,1,7,3
3,2,2,20962
3,2,3,233109
3,2,4,62552
3,2,5,3896
3,2,6,225
3,2,7,8
3,2,8,2
3,3,3,1133346
3,3,4,386728
3,3,5,37724
3,3,6,2513
3,3,7,108
3,3,8,2
3,4,8,37
3,4,4,1539384
3,4,5,217107
3,4,6,17369
3,4,7,970
3,5,8,259
3,5,5,692497
3,5,6,80462
3,5,7,6479
3,6,8,1310
3,6,6,218220
3,6,7,27226
3,7,8,4893
3,7,7,60036
3,8,8,9607
4,0,2,353
4,0,3,1376
4,0,4,276
4,0,5,16
4,1,2,2765
4,1,3,27199
4,1,4,5912
4,1,5,288
4,1,6,18
4,1,7,1
4,2,2,21192
4,2,3,232088
4,2,4,61662
4,2,5,4052
4,2,6,221
4,2,7,10
4,3,3,1132952
4,3,4,386158
4,3,5,37424
4,3,6,2317
4,3,7,107
4,3,8,2
4,4,8,26
4,4,4,1540995
4,4,5,214217
4,4,6,16723
4,4,7,1021
4,5,8,212
4,5,5,695513
4,5,6,79180
4,5,7,6535
4,6,8,1255
4,6,6,220342
4,6,7,27094
4,7,8,4930
4,7,7,60062
4,8,8,9685
5,0,2,504
5,0,3,1295
5,0,4,297
5,0,5,16
5,1,2,2933
5,1,3,25528
5,1,4,5528
5,1,5,322
5,1,6,14
5,2,2,20873
5,2,3,224500
5,2,4,58528
5,2,5,4698
5,2,6,226
5,2,7,9
5,3,3,1142292
5,3,4,377725
5,3,5,40588
5,3,6,2312
5,3,7,99
5,3,8,3
5,4,8,22
5,4,4,1552925
5,4,5,220729
5,4,6,17251
5,4,7,921
5,5,8,258
5,5,5,685157
5,5,6,81701
5,5,7,6268
5,6,8,1374
5,6,6,217297
5,6,7,26893
5,7,8,4963
5,7,7,60640
5,8,8,9490
6,0,2,481
6,0,3,1467
6,0,4,301
6,0,5,6
6,1,2,3253
6,1,3,26712
6,1,4,5963
6,1,5,279
6,1,6,11
6,2,2,20576
6,2,3,219902
6,2,4,60478
6,2,5,4086
6,2,6,211
6,2,7,6
6,3,3,1145534
6,3,4,374583
6,3,5,37880
6,3,6,2143
6,3,7,104
6,3,8,2
6,4,8,37
6,4,4,1553678
6,4,5,215470
6,4,6,16223
6,4,7,955
6,5,8,222
6,5,5,693789
6,5,6,80950
6,5,7,6186
6,6,8,1351
6,6,6,219263
6,6,7,26210
6,7,8,4945
6,7,7,61369
6,8,8,9553
7,0,2,539
7,0,3,1414
7,0,4,271
7,0,5,17
7,0,6,1
7,1,2,3532
7,1,3,27688
7,1,4,6184
7,1,5,328
7,1,6,10
7,1,7,2
7,2,2,20239
7,2,3,230938
7,2,4,62750
7,2,5,4407
7,2,6,179
7,2,7,10
7,3,3,1133575
7,3,4,385624
7,3,5,39317
7,3,6,2160
7,3,7,107
7,3,8,2
7,4,8,22
7,4,4,1540174
7,4,5,216272
7,4,6,16147
7,4,7,951
7,5,8,230
7,5,5,691169
7,5,6,79428
7,5,7,6273
7,6,8,1250
7,6,6,220876
7,6,7,27160
7,7,8,5044
7,7,7,60327
7,8,8,9562
8,0,2,312
8,0,3,1224
8,0,4,244
8,0,5,13
8,0,6,1
8,1,2,3198
8,1,3,25487
8,1,4,5155
8,1,5,350
8,1,6,16
8,2,2,20800
8,2,3,230755
8,2,4,57146
8,2,5,4630
8,2,6,230
8,2,7,9
8,2,8,1
8,3,3,1136149
8,3,4,371855
8,3,5,41363
8,3,6,2250
8,3,7,111
8,3,8,3
8,4,8,36
8,4,4,1560603
8,4,5,222327
8,4,6,17064
8,4,7,996
8,5,8,253
8,5,5,682827
8,5,6,80650
8,5,7,6508
8,6,8,1363
8,6,6,218590
8,6,7,26941
8,7,8,5045
8,7,7,60265
8,8,8,9409
9,0,2,389
9,0,3,1594
9,0,4,255
9,0,5,17
9,1,2,2782
9,1,3,29889
9,1,4,5591
9,1,5,290
9,1,6,5
9,1,7,1
9,2,2,21139
9,2,3,222054
9,2,4,59297
9,2,5,4106
9,2,6,200
9,2,7,8
9,3,3,1140078
9,3,4,372382
9,3,5,37769
9,3,6,2196
9,3,7,122
9,3,8,2
9,4,8,22
9,4,4,1557478
9,4,5,218389
9,4,6,16741
9,4,7,1073
9,5,8,191
9,5,5,690939
9,5,6,82462
9,5,7,6482
9,6,8,1185
9,6,6,217197
9,6,7,26983
9,7,8,4712
9,7,7,60161
9,8,8,9998
10,0,2,431
10,0,3,1420
10,0,4,242
10,0,5,9
10,0,6,1
10,1,2,3032
10,1,3,27412
10,1,4,5794
10,1,5,306
10,1,6,14
10,2,2,20847
10,2,3,220751
10,2,4,60110
10,2,5,3949
10,2,6,182
10,2,7,9
10,3,3,1144032
10,3,4,380172
10,3,5,37356
10,3,6,2240
10,3,7,140
10,3,8,3
10,4,8,35
10,4,4,1548685
10,4,5,215666
10,4,6,16299
10,4,7,1157
10,5,8,223
10,5,5,694224
10,5,6,79550
10,5,7,6953
10,6,8,1344
10,6,6,220515
10,6,7,27683
10,7,8,5002
10,7,7,58888
10,8,8,9503
11,0,2,363
11,0,3,1529
11,0,4,255
11,0,5,13
11,0,6,1
11,1,2,3061
11,1,3,28318
11,1,4,5598
11,1,5,339
11,1,6,13
11,1,7,1
11,2,2,20886
11,2,3,232467
11,2,4,58199
11,2,5,4287
11,2,6,211
11,2,7,6
11,3,3,1131301
11,3,4,374922
11,3,5,38907
11,3,6,2034
11,3,7,87
11,3,8,3
11,4,8,24
11,4,4,1556029
11,4,5,215657
11,4,6,16328
11,4,7,851
11,5,8,254
11,5,5,692307
11,5,6,81275
11,5,7,6165
11,6,8,1298
11,6,6,218939
11,6,7,26756
11,7,8,4926
11,7,7,60964
11,8,8,9605
12,0,2,334
12,0,3,1411
12,0,4,334
12,0,5,15
12,1,2,3010
12,1,3,26595
12,1,4,6451
12,1,5,343
12,1,6,13
12,2,2,20966
12,2,3,231308
12,2,4,62616
12,2,5,4507
12,2,6,191
12,2,7,3
12,3,3,1134301
12,3,4,385185
12,3,5,39647
12,3,6,2007
12,3,7,80
12,3,8,5
12,4,8,35
12,4,4,1540417
12,4,5,216065
12,4,6,16071
12,4,7,850
12,5,8,223
12,5,5,690933
12,5,6,80726
12,5,7,5974
12,6,8,1358
12,6,6,219793
12,6,7,26736
12,7,8,4995
12,7,7,61187
12,8,8,9494
13,0,2,436
13,0,3,1665
13,0,4,271
13,0,5,9
13,1,2,3209
13,1,3,31067
13,1,4,5799
13,1,5,317
13,1,6,16
13,2,2,20665
13,2,3,226334
13,2,4,59080
13,2,5,4315
13,2,6,261
13,2,7,12
13,3,3,1134549
13,3,4,374994
13,3,5,39422
13,3,6,2469
13,3,7,119
13,3,8,3
13,4,8,31
13,4,4,1554859
13,4,5,218730
13,4,6,17742
13,4,7,1059
13,5,8,218
13,5,5,688717
13,5,6,81017
13,5,7,6546
13,6,8,1264
13,6,6,217296
13,6,7,27207
13,7,8,4933
13,7,7,59887
13,8,8,9661
14,0,2,336
14,0,3,1381
14,0,4,358
14,0,5,22
14,1,2,2539
14,1,3,25852
14,1,4,6196
14,1,5,320
14,1,6,14
14,2,2,21435
14,2,3,223008
14,2,4,61044
14,2,5,4463
14,2,6,256
14,2,7,10
14,3,3,1143374
14,3,4,380065
14,3,5,39574
14,3,6,2514
14,3,7,123
14,3,8,3
14,4,8,26
14,4,4,1547340
14,4,5,216445
14,4,6,18468
14,4,7,1019
14,5,8,194
14,5,5,690686
14,5,6,83664
14,5,7,6633
14,6,8,1254
14,6,6,213885
14,6,7,27251
14,7,8,4783
14,7,7,59794
14,8,8,9850
15,0,2,414
15,0,3,1457
15,0,4,298
15,0,5,10
15,1,2,2974
15,1,3,30152
15,1,4,6355
15,1,5,301
15,1,6,7
15,2,2,20922
15,2,3,237082
15,2,4,64027
15,2,5,4178
15,2,6,211
15,2,7,5
15,3,3,1124924
15,3,4,391488
15,3,5,38522
15,3,6,2069
15,3,7,96
15,3,8,6
15,4,8,32
15,4,4,1532835
15,4,5,218070
15,4,6,16324
15,4,7,846
15,5,8,217
15,5,5,690429
15,5,6,79247
15,5,7,5816
15,6,8,1259
15,6,6,220943
15,6,7,25362
15,7,8,4850
15,7,7,62705
15,8,8,9746
16,0,2,327
16,0,3,1477
16,0,4,302
16,0,5,14
16,1,2,3090
16,1,3,29233
16,1,4,6200
16,1,5,260
16,1,6,13
16,2,2,20893
16,2,3,230458
16,2,4,61730
16,2,5,3849
16,2,6,260
16,2,7,7
16,3,3,1132447
16,3,4,386786
16,3,5,36499
16,3,6,2493
16,3,7,114
16,3,8,7
16,4,8,23
16,4,4,1539985
16,4,5,210865
16,4,6,18018
16,4,7,898
16,5,8,252
16,5,5,700023
16,5,6,83446
16,5,7,5997
16,6,8,1353
16,6,6,214571
16,6,7,26344
16,7,8,4989
16,7,7,61470
16,8,8,9486
17,0,2,344
17,0,3,1540
17,0,4,285
17,0,5,14
17,1,2,3321
17,1,3,28661
17,1,4,6428
17,1,5,339
17,1,6,18
17,2,2,20645
17,2,3,227438
17,2,4,62565
17,2,5,4680
17,2,6,222
17,2,7,7
17,3,3,1135976
17,3,4,384530
17,3,5,41969
17,3,6,2235
17,3,7,110
17,3,8,6
17,4,8,20
17,4,4,1541195
17,4,5,223300
17,4,6,16597
17,4,7,909
17,5,8,189
17,5,5,681208
17,5,6,80313
17,5,7,6041
17,6,8,1142
17,6,6,219416
17,6,7,26141
17,7,8,4780
17,7,7,61622
17,8,8,9973
18,0,2,368
18,0,3,1429
18,0,4,312
18,0,5,18
18,1,2,3088
18,1,3,27048
18,1,4,6112
18,1,5,364
18,1,6,18
18,2,2,20854
18,2,3,231879
18,2,4,60189
18,2,5,4687
18,2,6,223
18,2,7,7
18,3,3,1133259
18,3,4,372752
18,3,5,40886
18,3,6,2388
18,3,7,102
18,3,8,3
18,4,8,34
18,4,4,1555638
18,4,5,218872
18,4,6,17109
18,4,7,963
18,5,8,171
18,5,5,686683
18,5,6,80286
18,5,7,6287
18,6,8,1212
18,6,6,218777
18,6,7,26517
18,7,8,4847
18,7,7,60954
18,8,8,9843
19,0,2,445
19,0,3,1364
19,0,4,286
19,0,5,15
19,0,6,1
19,1,2,3441
19,1,3,27662
19,1,4,5998
19,1,5,303
19,1,6,11
19,2,2,20424
19,2,3,228414
19,2,4,60910
19,2,5,4350
19,2,6,172
19,2,7,5
19,3,3,1136175
19,3,4,386557
19,3,5,39044
19,3,6,2157
19,3,7,97
19,3,8,2
19,4,8,26
19,4,4,1541252
19,4,5,214571
19,4,6,16051
19,4,7,838
19,5,8,209
19,5,5,693227
19,5,6,80340
19,5,7,5802
19,6,8,1203
19,6,6,220069
19,6,7,26472
19,7,8,4780
19,7,7,61616
19,8,8,9890
20,0,2,437
20,0,3,1428
20,0,4,352
20,0,5,11
20,1,2,3266
20,1,3,28221
20,1,4,6352
20,1,5,295
20,1,6,13
20,2,2,20607
20,2,3,227130
20,2,4,63450
20,2,5,4213
20,2,6,187
20,2,7,7
20,3,3,1136836
20,3,4,385053
20,3,5,38914
20,3,6,2210
20,3,7,119
20,3,8,1
20,4,8,22
20,4,4,1539796
20,4,5,216507
20,4,6,16085
20,4,7,989
20,5,8,228
20,5,5,691570
20,5,6,80561
20,5,7,6446
20,6,8,1365
20,6,6,219745
20,6,7,27094
20,7,8,4928
20,7,7,60175
20,8,8,9566
21,0,2,620
21,0,3,1421
21,0,4,328
21,0,5,16
21,0,6,1
21,1,2,3297
21,1,3,28323
21,1,4,6047
21,1,5,335
21,1,6,13
21,1,7,2
21,2,2,20393
21,2,3,228002
21,2,4,60803
21,2,5,4323
21,2,6,204
21,2,7,15
21,3,3,1135869
21,3,4,382638
21,3,5,38788
21,3,6,2238
21,3,7,117
21,3,8,2
21,4,8,19
21,4,4,1545187
21,4,5,217137
21,4,6,17081
21,4,7,1014
21,5,8,182
21,5,5,690911
21,5,6,81398
21,5,7,6469
21,6,8,1207
21,6,6,217866
21,6,7,27173
21,7,8,4762
21,7,7,60040
21,8,8,9938
22,0,2,341
22,0,3,1455
22,0,4,382
22,0,5,5
22,0,6,1
22,1,2,2675
22,1,3,27789
22,1,4,6499
22,1,5,297
22,1,6,9
22,2,2,21294
22,2,3,230065
22,2,4,63632
22,2,5,4327
22,2,6,201
22,2,7,8
22,3,3,1134306
22,3,4,378294
22,3,5,38873
22,3,6,2059
22,3,7,104
22,3,8,1
22,4,8,24
22,4,4,1546196
22,4,5,214479
22,4,6,16315
22,4,7,1027
22,5,8,217
22,5,5,693529
22,5,6,81444
22,5,7,6496
22,6,8,1234
22,6,6,218772
22,6,7,27768
22,7,8,4723
22,7,7,59427
22,8,8,9911
23,0,2,450
23,0,3,1295
23,0,4,261
23,0,5,11
23,0,6,2
23,1,2,3461
23,1,3,27137
23,1,4,5687
23,1,5,325
23,1,6,9
23,2,2,20399
23,2,3,230996
23,2,4,57236
23,2,5,4311
23,2,6,213
23,2,7,3
23,3,3,1134187
23,3,4,375060
23,3,5,38518
23,3,6,2182
23,3,7,105
23,3,8,4
23,4,8,40
23,4,4,1556759
23,4,5,219979
23,4,6,16376
23,4,7,917
23,5,8,220
23,5,5,688366
23,5,6,80277
23,5,7,6135
23,6,8,1326
23,6,6,219742
23,6,7,26796
23,7,8,5210
23,7,7,60874
23,8,8,9310
24,0,2,528
24,0,3,1339
24,0,4,286
24,0,5,15
24,0,6,1
24,1,2,3673
24,1,3,26815
24,1,4,5829
24,1,5,342
24,1,6,8
24,2,2,20109
24,2,3,227077
24,2,4,62219
24,2,5,4463
24,2,6,218
24,2,7,8
24,3,3,1138384
24,3,4,391096
24,3,5,39881
24,3,6,2274
24,3,7,95
24,4,8,22
24,4,4,1535573
24,4,5,215469
24,4,6,16610
24,4,7,909
24,5,8,224
24,5,5,691340
24,5,6,81738
24,5,7,6084
24,6,8,1290
24,6,6,217952
24,6,7,26761
24,7,8,4997
24,7,7,60973
24,8,8,9577
25,0,2,349
25,0,3,1372
25,0,4,321
25,0,5,13
25,0,6,1
25,1,2,2871
25,1,3,25646
25,1,4,5934
25,1,5,287
25,1,6,13
25,1,7,1
25,2,2,21090
25,2,3,222633
25,2,4,61464
25,2,5,4474
25,2,6,227
25,2,7,9
25,3,3,1143964
25,3,4,383899
25,3,5,39952
25,3,6,2235
25,3,7,108
25,3,8,2
25,4,8,23
25,4,4,1543385
25,4,5,218222
25,4,6,16575
25,4,7,1052
25,5,8,226
25,5,5,688562
25,5,6,80877
25,5,7,6682
25,6,8,1169
25,6,6,218873
25,6,7,27695
25,7,8,4767
25,7,7,59283
25,8,8,9923
26,0,2,358
26,0,3,1551
26,0,4,309
26,0,5,12
26,0,6,1
26,0,8,1
26,1,2,3168
26,1,3,27973
26,1,4,6023
26,1,5,329
26,1,6,7
26,2,2,20784
26,2,3,226615
26,2,4,61931
26,2,5,4239
26,2,6,217
26,2,7,5
26,2,8,1
26,3,3,1137476
26,3,4,382457
26,3,5,39456
26,3,6,2290
26,3,7,116
26,3,8,3
26,4,8,21
26,4,4,1544283
26,4,5,219372
26,4,6,17054
26,4,7,945
26,5,8,230
26,5,5,688102
26,5,6,82251
26,5,7,6077
26,6,8,1309
26,6,6,216981
26,6,7,26325
26,7,8,5014
26,7,7,61362
26,8,8,9531
27,0,2,424
27,0,3,1130
27,0,4,262
27,0,5,7
27,1,2,3095
27,1,3,25633
27,1,4,5825
27,1,5,270
27,1,6,14
27,1,7,1
27,2,2,20791
27,2,3,229737
27,2,4,60247
27,2,5,4312
27,2,6,195
27,2,7,5
27,3,3,1137115
27,3,4,378877
27,3,5,39232
27,3,6,2129
27,3,7,110
27,3,8,3
27,4,8,44
27,4,4,1549792
27,4,5,220651
27,4,6,16130
27,4,7,975
27,5,8,230
27,5,5,687038
27,5,6,80339
27,5,7,6384
27,6,8,1386
27,6,6,219994
27,6,7,26866
27,7,8,4896
27,7,7,60489
27,8,8,9551
28,0,2,341
28,0,3,1238
28,0,4,279
28,0,5,13
28,1,2,3270
28,1,3,25405
28,1,4,6016
28,1,5,325
28,1,6,16
28,1,7,1
28,2,2,20699
28,2,3,222304
28,2,4,60919
28,2,5,4410
28,2,6,267
28,2,7,5
28,3,3,1144668
28,3,4,376216
28,3,5,39592
28,3,6,2547
28,3,7,96
28,3,8,5
28,4,8,29
28,4,4,1551573
28,4,5,215262
28,4,6,17753
28,4,7,979
28,5,8,256
28,5,5,691908
28,5,6,81952
28,5,7,6213
28,6,8,1324
28,6,6,216266
28,6,7,26777
28,7,8,4901
28,7,7,60759
28,8,8,9595
29,0,2,299
29,0,3,1276
29,0,4,304
29,0,5,21
29,0,6,1
29,1,2,3190
29,1,3,25331
29,1,4,5727
29,1,5,374
29,1,6,6
29,2,2,20821
29,2,3,220917
29,2,4,59709
29,2,5,4785
29,2,6,163
29,2,7,7
29,3,3,1146091
29,3,4,379398
29,3,5,42002
29,3,6,1927
29,3,7,101
29,3,8,3
29,4,8,35
29,4,4,1549865
29,4,5,219411
29,4,6,15543
29,4,7,949
29,5,8,214
29,5,5,684917
29,5,6,79776
29,5,7,6348
29,6,8,1336
29,6,6,221385
29,6,7,26996
29,7,8,4831
29,7,7,60429
29,8,8,9691
