lexicon,lev, length_count, neighbors
real,0,2,94
real,0,3,303
real,0,4,183
real,0,5,54
real,0,6,18
real,0,7,2
real,0,8,1
real,1,2,2599
real,1,3,17107
real,1,4,6953
real,1,5,1126
real,1,6,118
real,1,7,19
real,1,8,2
real,2,2,21617
real,2,3,215976
real,2,4,60291
real,2,5,8751
real,2,6,717
real,2,7,57
real,2,8,11
real,3,3,1160229
real,3,4,376449
real,3,5,54834
real,3,6,4738
real,3,7,428
real,3,8,29
real,4,8,136
real,4,4,1551127
real,4,5,245566
real,4,6,25807
real,4,7,2290
real,5,8,594
real,5,5,641179
real,5,6,95731
real,5,7,10529
real,6,8,2296
real,6,6,191672
real,6,7,32651
real,7,8,6047
real,7,7,48854
real,8,8,6994
0,0,2,200
0,0,3,1163
0,0,4,1097
0,0,5,667
0,0,6,306
0,0,7,160
0,0,8,55
0,1,2,2240
0,1,3,16220
0,1,4,6626
0,1,5,1200
0,1,6,262
0,1,7,39
0,1,8,17
0,2,2,21870
0,2,3,210357
0,2,4,61941
0,2,5,8648
0,2,6,780
0,2,7,57
0,2,8,9
0,3,3,1165875
0,3,4,373928
0,3,5,54441
0,3,6,5140
0,3,7,367
0,3,8,30
0,4,8,127
0,4,4,1551411
0,4,5,243309
0,4,6,26567
0,4,7,2102
0,5,8,549
0,5,5,643245
0,5,6,94513
0,5,7,9825
0,6,8,2311
0,6,6,191233
0,6,7,32151
0,7,8,6229
0,7,7,50129
0,8,8,6783
1,0,2,201
1,0,3,1186
1,0,4,1219
1,0,5,686
1,0,6,300
1,0,7,176
1,0,8,44
1,1,2,2660
1,1,3,16963
1,1,4,7780
1,1,5,1197
1,1,6,161
1,1,7,39
1,1,8,18
1,2,2,21449
1,2,3,214857
1,2,4,62284
1,2,5,8760
1,2,6,615
1,2,7,51
1,2,8,7
1,3,3,1160609
1,3,4,378010
1,3,5,55345
1,3,6,4507
1,3,7,336
1,3,8,23
1,4,8,100
1,4,4,1545710
1,4,5,247685
1,4,6,25693
1,4,7,2208
1,5,8,564
1,5,5,637837
1,5,6,96446
1,5,7,10365
1,6,8,2194
1,6,6,191079
1,6,7,32797
1,7,8,5942
1,7,7,48858
1,8,8,7218
2,0,2,202
2,0,3,1154
2,0,4,1170
2,0,5,631
2,0,6,331
2,0,7,162
2,0,8,43
2,1,2,2550
2,1,3,16976
2,1,4,7012
2,1,5,1194
2,1,6,194
2,1,7,36
2,1,8,19
2,2,2,21558
2,2,3,219379
2,2,4,60441
2,2,5,9298
2,2,6,724
2,2,7,58
2,2,8,19
2,3,3,1156106
2,3,4,371063
2,3,5,56894
2,3,6,4837
2,3,7,389
2,3,8,23
2,4,8,118
2,4,4,1555317
2,4,5,246557
2,4,6,26754
2,4,7,2174
2,5,8,626
2,5,5,636936
2,5,6,95496
2,5,7,9835
2,6,8,2284
2,6,6,190465
2,6,7,32767
2,7,8,6098
2,7,7,49409
2,8,8,6880
3,0,2,215
3,0,3,1125
3,0,4,1123
3,0,5,661
3,0,6,333
3,0,7,178
3,0,8,40
3,1,2,2632
3,1,3,17109
3,1,4,7206
3,1,5,1251
3,1,6,165
3,1,7,24
3,1,8,20
3,2,2,21463
3,2,3,213291
3,2,4,61983
3,2,5,9231
3,2,6,707
3,2,7,87
3,2,8,20
3,3,3,1162090
3,3,4,379445
3,3,5,58596
3,3,6,4893
3,3,7,338
3,3,8,32
3,4,8,107
3,4,4,1545246
3,4,5,250117
3,4,6,26367
3,4,7,2044
3,5,8,581
3,5,5,631654
3,5,6,97024
3,5,7,10422
3,6,8,2156
3,6,6,189312
3,6,7,32866
3,7,8,5988
3,7,7,48871
3,8,8,7166
4,0,2,171
4,0,3,1197
4,0,4,1214
4,0,5,639
4,0,6,335
4,0,7,176
4,0,8,48
4,1,2,2415
4,1,3,16688
4,1,4,7148
4,1,5,1173
4,1,6,175
4,1,7,56
4,1,8,31
4,2,2,21724
4,2,3,213726
4,2,4,61125
4,2,5,8743
4,2,6,653
4,2,7,66
4,2,8,7
4,3,3,1162004
4,3,4,377108
4,3,5,54141
4,3,6,4743
4,3,7,378
4,3,8,39
4,4,8,88
4,4,4,1548408
4,4,5,243837
4,4,6,25850
4,4,7,2023
4,5,8,509
4,5,5,642977
4,5,6,96005
4,5,7,9750
4,6,8,2191
4,6,6,191040
4,6,7,31366
4,7,8,5822
4,7,7,51015
4,8,8,7375
5,0,2,216
5,0,3,1099
5,0,4,1134
5,0,5,680
5,0,6,301
5,0,7,170
5,0,8,50
5,1,2,2797
5,1,3,17576
5,1,4,7069
5,1,5,1155
5,1,6,172
5,1,7,42
5,1,8,16
5,2,2,21297
5,2,3,218419
5,2,4,61764
5,2,5,9205
5,2,6,622
5,2,7,87
5,2,8,18
5,3,3,1156521
5,3,4,386108
5,3,5,55537
5,3,6,4424
5,3,7,433
5,3,8,29
5,4,8,132
5,4,4,1538928
5,4,5,246899
5,4,6,25493
5,4,7,2397
5,5,8,658
5,5,5,638034
5,5,6,96784
5,5,7,10663
5,6,8,2481
5,6,6,191005
5,6,7,32479
5,7,8,6187
5,7,7,48559
5,8,8,6539
6,0,2,199
6,0,3,1163
6,0,4,1145
6,0,5,675
6,0,6,308
6,0,7,142
6,0,8,44
6,1,2,2324
6,1,3,17661
6,1,4,7125
6,1,5,1231
6,1,6,188
6,1,7,29
6,1,8,11
6,2,2,21787
6,2,3,214193
6,2,4,60304
6,2,5,9360
6,2,6,664
6,2,7,67
6,2,8,18
6,3,3,1160598
6,3,4,369750
6,3,5,58095
6,3,6,4693
6,3,7,407
6,3,8,34
6,4,8,120
6,4,4,1556679
6,4,5,251612
6,4,6,26135
6,4,7,2170
6,5,8,618
6,5,5,630537
6,5,6,96105
6,5,7,10196
6,6,8,2401
6,6,6,190708
6,6,7,32206
6,7,8,5981
6,7,7,49613
6,8,8,6883
7,0,2,194
7,0,3,1140
7,0,4,1183
7,0,5,678
7,0,6,322
7,0,7,167
7,0,8,41
7,1,2,2727
7,1,3,17278
7,1,4,6897
7,1,5,1035
7,1,6,172
7,1,7,35
7,1,8,18
7,2,2,21389
7,2,3,213416
7,2,4,61250
7,2,5,8083
7,2,6,638
7,2,7,66
7,2,8,5
7,3,3,1161781
7,3,4,377983
7,3,5,52872
7,3,6,4426
7,3,7,430
7,3,8,11
7,4,8,130
7,4,4,1547690
7,4,5,250613
7,4,6,24999
7,4,7,2080
7,5,8,545
7,5,5,638229
7,5,6,94921
7,5,7,10084
7,6,8,2385
7,6,6,193323
7,6,7,32075
7,7,8,5760
7,7,7,49893
7,8,8,7215
8,0,2,192
8,0,3,1146
8,0,4,1189
8,0,5,658
8,0,6,338
8,0,7,163
8,0,8,48
8,1,2,2658
8,1,3,17237
8,1,4,6927
8,1,5,1049
8,1,6,150
8,1,7,36
8,1,8,15
8,2,2,21460
8,2,3,217650
8,2,4,61952
8,2,5,8693
8,2,6,724
8,2,7,76
8,2,8,5
8,3,3,1157582
8,3,4,387975
8,3,5,52553
8,3,6,4573
8,3,7,321
8,3,8,12
8,4,8,113
8,4,4,1536960
8,4,5,240723
8,4,6,25924
8,4,7,1805
8,5,8,508
8,5,5,647834
8,5,6,96802
8,5,7,9704
8,6,8,2297
8,6,6,190290
8,6,7,32231
8,7,8,6202
8,7,7,50494
8,8,8,6910
9,0,2,217
9,0,3,1066
9,0,4,1273
9,0,5,680
9,0,6,330
9,0,7,147
9,0,8,33
9,1,2,2843
9,1,3,16915
9,1,4,7393
9,1,5,1110
9,1,6,171
9,1,7,45
9,1,8,22
9,2,2,21250
9,2,3,213978
9,2,4,64126
9,2,5,8864
9,2,6,622
9,2,7,75
9,2,8,16
9,3,3,1161656
9,3,4,385415
9,3,5,55355
9,3,6,4255
9,3,7,378
9,3,8,27
9,4,8,107
9,4,4,1536796
9,4,5,246712
9,4,6,24877
9,4,7,2015
9,5,8,610
9,5,5,638789
9,5,6,94992
9,5,7,9807
9,6,8,2300
9,6,6,193554
9,6,7,33065
9,7,8,6146
9,7,7,49298
9,8,8,6849
10,0,2,190
10,0,3,1083
10,0,4,1220
10,0,5,618
10,0,6,286
10,0,7,183
10,0,8,37
10,1,2,2701
10,1,3,16332
10,1,4,7197
10,1,5,1102
10,1,6,142
10,1,7,21
10,1,8,15
10,2,2,21419
10,2,3,212429
10,2,4,61682
10,2,5,8377
10,2,6,608
10,2,7,78
10,2,8,9
10,3,3,1163771
10,3,4,376474
10,3,5,53941
10,3,6,4493
10,3,7,354
10,3,8,19
10,4,8,155
10,4,4,1548430
10,4,5,244930
10,4,6,24855
10,4,7,1939
10,5,8,553
10,5,5,642542
10,5,6,94904
10,5,7,9566
10,6,8,2332
10,6,6,193513
10,6,7,31217
10,7,8,5893
10,7,7,51472
10,8,8,7097
11,0,2,239
11,0,3,1131
11,0,4,1193
11,0,5,647
11,0,6,281
11,0,7,142
11,0,8,51
11,1,2,2523
11,1,3,17601
11,1,4,7118
11,1,5,1058
11,1,6,177
11,1,7,33
11,1,8,12
11,2,2,21548
11,2,3,215244
11,2,4,61379
11,2,5,8309
11,2,6,677
11,2,7,69
11,2,8,17
11,3,3,1159639
11,3,4,374091
11,3,5,53590
11,3,6,4902
11,3,7,394
11,3,8,21
11,4,8,83
11,4,4,1551222
11,4,5,244225
11,4,6,26423
11,4,7,2101
11,5,8,519
11,5,5,643681
11,5,6,97438
11,5,7,9935
11,6,8,2081
11,6,6,188903
11,6,7,32342
11,7,8,5992
11,7,7,49814
11,8,8,7334
12,0,2,194
12,0,3,1083
12,0,4,1115
12,0,5,716
12,0,6,318
12,0,7,206
12,0,8,38
12,1,2,2520
12,1,3,17142
12,1,4,7123
12,1,5,1229
12,1,6,165
12,1,7,17
12,1,8,21
12,2,2,21596
12,2,3,218913
12,2,4,61755
12,2,5,8541
12,2,6,692
12,2,7,67
12,2,8,10
12,3,3,1156477
12,3,4,386073
12,3,5,53123
12,3,6,4341
12,3,7,404
12,3,8,35
12,4,8,116
12,4,4,1538937
12,4,5,241855
12,4,6,24398
12,4,7,2351
12,5,8,560
12,5,5,646046
12,5,6,93370
12,5,7,10254
12,6,8,2207
12,6,6,195517
12,6,7,32528
12,7,8,5739
12,7,7,49003
12,8,8,7384
13,0,2,196
13,0,3,1100
13,0,4,1206
13,0,5,694
13,0,6,287
13,0,7,193
13,0,8,46
13,1,2,2593
13,1,3,17397
13,1,4,7146
13,1,5,1353
13,1,6,177
13,1,7,33
13,1,8,19
13,2,2,21521
13,2,3,214235
13,2,4,61420
13,2,5,9315
13,2,6,747
13,2,7,81
13,2,8,18
13,3,3,1160883
13,3,4,377655
13,3,5,57089
13,3,6,4923
13,3,7,357
13,3,8,25
13,4,8,117
13,4,4,1547576
13,4,5,246050
13,4,6,26283
13,4,7,2224
13,5,8,577
13,5,5,637009
13,5,6,95974
13,5,7,10342
13,6,8,2275
13,6,6,190410
13,6,7,32082
13,7,8,5773
13,7,7,49518
13,8,8,7260
14,0,2,256
14,0,3,1062
14,0,4,1165
14,0,5,657
14,0,6,289
14,0,7,167
14,0,8,37
14,1,2,2602
14,1,3,17069
14,1,4,6750
14,1,5,1053
14,1,6,138
14,1,7,38
14,1,8,22
14,2,2,21452
14,2,3,214802
14,2,4,61715
14,2,5,8300
14,2,6,719
14,2,7,77
14,2,8,17
14,3,3,1160682
14,3,4,382598
14,3,5,54530
14,3,6,4597
14,3,7,471
14,3,8,16
14,4,8,118
14,4,4,1542775
14,4,5,239824
14,4,6,25329
14,4,7,2337
14,5,8,489
14,5,5,647146
14,5,6,95660
14,5,7,10506
14,6,8,2321
14,6,6,192069
14,6,7,33144
14,7,8,5796
14,7,7,48090
14,8,8,7294
15,0,2,191
15,0,3,1090
15,0,4,1168
15,0,5,622
15,0,6,322
15,0,7,160
15,0,8,49
15,1,2,2797
15,1,3,16805
15,1,4,7472
15,1,5,1257
15,1,6,181
15,1,7,40
15,1,8,20
15,2,2,21322
15,2,3,215022
15,2,4,62149
15,2,5,8715
15,2,6,636
15,2,7,75
15,2,8,12
15,3,3,1160698
15,3,4,376600
15,3,5,55121
15,3,6,4691
15,3,7,421
15,3,8,28
15,4,8,90
15,4,4,1547614
15,4,5,242453
15,4,6,25284
15,4,7,2086
15,5,8,540
15,5,5,643342
15,5,6,95033
15,5,7,10016
15,6,8,2057
15,6,6,192654
15,6,7,31784
15,7,8,5939
15,7,7,50248
15,8,8,7375
16,0,2,217
16,0,3,1143
16,0,4,1132
16,0,5,704
16,0,6,340
16,0,7,200
16,0,8,37
16,1,2,2538
16,1,3,17441
16,1,4,6843
16,1,5,1110
16,1,6,172
16,1,7,26
16,1,8,19
16,2,2,21555
16,2,3,222176
16,2,4,59795
16,2,5,8631
16,2,6,732
16,2,7,50
16,2,8,26
16,3,3,1152855
16,3,4,375446
16,3,5,55189
16,3,6,4725
16,3,7,474
16,3,8,42
16,4,8,139
16,4,4,1551787
16,4,5,246296
16,4,6,25280
16,4,7,1998
16,5,8,688
16,5,5,639580
16,5,6,94984
16,5,7,9572
16,6,8,2420
16,6,6,192568
16,6,7,31626
16,7,8,5927
16,7,7,50884
16,8,8,6812
17,0,2,197
17,0,3,1192
17,0,4,1117
17,0,5,626
17,0,6,308
17,0,7,153
17,0,8,45
17,1,2,2463
17,1,3,17019
17,1,4,7402
17,1,5,1217
17,1,6,165
17,1,7,41
17,1,8,17
17,2,2,21650
17,2,3,218841
17,2,4,62307
17,2,5,8701
17,2,6,588
17,2,7,89
17,2,8,9
17,3,3,1156563
17,3,4,384101
17,3,5,55985
17,3,6,4452
17,3,7,336
17,3,8,36
17,4,8,101
17,4,4,1540076
17,4,5,248062
17,4,6,25313
17,4,7,1991
17,5,8,592
17,5,5,636919
17,5,6,92348
17,5,7,9699
17,6,8,2256
17,6,6,195627
17,6,7,32435
17,7,8,5803
17,7,7,50086
17,8,8,7251
18,0,2,193
18,0,3,1098
18,0,4,1112
18,0,5,751
18,0,6,304
18,0,7,169
18,0,8,37
18,1,2,2438
18,1,3,17669
18,1,4,6947
18,1,5,1261
18,1,6,179
18,1,7,48
18,1,8,10
18,2,2,21679
18,2,3,214600
18,2,4,62600
18,2,5,9612
18,2,6,712
18,2,7,65
18,2,8,13
18,3,3,1160248
18,3,4,379561
18,3,5,58130
18,3,6,5102
18,3,7,323
18,3,8,35
18,4,8,130
18,4,4,1544783
18,4,5,246464
18,4,6,25501
18,4,7,1970
18,5,8,562
18,5,5,635292
18,5,6,96768
18,5,7,9721
18,6,8,2220
18,6,6,190235
18,6,7,31978
18,7,8,5913
18,7,7,50556
18,8,8,7190
19,0,2,173
19,0,3,1099
19,0,4,1105
19,0,5,639
19,0,6,305
19,0,7,204
19,0,8,40
19,1,2,2433
19,1,3,16669
19,1,4,7059
19,1,5,1140
19,1,6,137
19,1,7,29
19,1,8,25
19,2,2,21704
19,2,3,214357
19,2,4,60253
19,2,5,8273
19,2,6,670
19,2,7,43
19,2,8,21
19,3,3,1161490
19,3,4,370892
19,3,5,55013
19,3,6,4563
19,3,7,368
19,3,8,33
19,4,8,102
19,4,4,1555694
19,4,5,248913
19,4,6,24377
19,4,7,2211
19,5,8,480
19,5,5,637532
19,5,6,93894
19,5,7,10399
19,6,8,2076
19,6,6,194855
19,6,7,32471
19,7,8,6037
19,7,7,49105
19,8,8,7296
20,0,2,162
20,0,3,1151
20,0,4,1087
20,0,5,636
20,0,6,326
20,0,7,181
20,0,8,44
20,1,2,2432
20,1,3,17482
20,1,4,6861
20,1,5,1242
20,1,6,132
20,1,7,38
20,1,8,18
20,2,2,21716
20,2,3,215449
20,2,4,59588
20,2,5,8792
20,2,6,720
20,2,7,68
20,2,8,16
20,3,3,1159533
20,3,4,377652
20,3,5,55611
20,3,6,4633
20,3,7,319
20,3,8,39
20,4,8,123
20,4,4,1549815
20,4,5,246280
20,4,6,25306
20,4,7,2123
20,5,8,616
20,5,5,638949
20,5,6,94002
20,5,7,10280
20,6,8,2346
20,6,6,193682
20,6,7,31983
20,7,8,6122
20,7,7,49838
20,8,8,6786
21,0,2,180
21,0,3,1150
21,0,4,1198
21,0,5,692
21,0,6,308
21,0,7,169
21,0,8,53
21,1,2,2283
21,1,3,16915
21,1,4,7136
21,1,5,1294
21,1,6,161
21,1,7,39
21,1,8,13
21,2,2,21847
21,2,3,210316
21,2,4,61169
21,2,5,8841
21,2,6,726
21,2,7,81
21,2,8,27
21,3,3,1165234
21,3,4,374702
21,3,5,55207
21,3,6,4904
21,3,7,394
21,3,8,37
21,4,8,109
21,4,4,1550798
21,4,5,242415
21,4,6,26848
21,4,7,2224
21,5,8,607
21,5,5,643061
21,5,6,97430
21,5,7,10330
21,6,8,2270
21,6,6,188424
21,6,7,32056
21,7,8,6090
21,7,7,49537
21,8,8,6904
22,0,2,212
22,0,3,1144
22,0,4,1144
22,0,5,708
22,0,6,337
22,0,7,145
22,0,8,47
22,1,2,2681
22,1,3,17307
22,1,4,6702
22,1,5,1193
22,1,6,174
22,1,7,34
22,1,8,17
22,2,2,21417
22,2,3,217331
22,2,4,60660
22,2,5,8112
22,2,6,612
22,2,7,94
22,2,8,15
22,3,3,1157833
22,3,4,375908
22,3,5,53890
22,3,6,4565
22,3,7,443
22,3,8,28
22,4,8,92
22,4,4,1550589
22,4,5,250089
22,4,6,25592
22,4,7,2422
22,5,8,517
22,5,5,637518
22,5,6,94397
22,5,7,10551
22,6,8,2203
22,6,6,193124
22,6,7,32734
22,7,8,5856
22,7,7,48407
22,8,8,7335
23,0,2,199
23,0,3,1253
23,0,4,1140
23,0,5,637
23,0,6,345
23,0,7,155
23,0,8,47
23,1,2,2523
23,1,3,17152
23,1,4,7513
23,1,5,1144
23,1,6,151
23,1,7,34
23,1,8,14
23,2,2,21588
23,2,3,220254
23,2,4,60583
23,2,5,8587
23,2,6,586
23,2,7,69
23,2,8,13
23,3,3,1154956
23,3,4,378312
23,3,5,54106
23,3,6,4151
23,3,7,441
23,3,8,35
23,4,8,147
23,4,4,1547455
23,4,5,244172
23,4,6,23629
23,4,7,2241
23,5,8,600
23,5,5,642864
23,5,6,94285
23,5,7,10584
23,6,8,2538
23,6,6,195654
23,6,7,33142
23,7,8,6271
23,7,7,48164
23,8,8,6445
24,0,2,201
24,0,3,1132
24,0,4,1171
24,0,5,715
24,0,6,290
24,0,7,185
24,0,8,50
24,1,2,2510
24,1,3,16978
24,1,4,6905
24,1,5,1117
24,1,6,138
24,1,7,40
24,1,8,9
24,2,2,21599
24,2,3,214767
24,2,4,58301
24,2,5,8396
24,2,6,782
24,2,7,85
24,2,8,20
24,3,3,1160738
24,3,4,372264
24,3,5,52307
24,3,6,4783
24,3,7,314
24,3,8,21
24,4,8,94
24,4,4,1556362
24,4,5,243325
24,4,6,26243
24,4,7,2046
24,5,8,598
24,5,5,645650
24,5,6,97617
24,5,7,9839
24,6,8,2391
24,6,6,188948
24,6,7,31882
24,7,8,6134
24,7,7,50439
24,8,8,6793
25,0,2,186
25,0,3,1076
25,0,4,1106
25,0,5,654
25,0,6,339
25,0,7,173
25,0,8,54
25,1,2,2753
25,1,3,17022
25,1,4,7278
25,1,5,1235
25,1,6,179
25,1,7,25
25,1,8,10
25,2,2,21371
25,2,3,216228
25,2,4,61018
25,2,5,8790
25,2,6,767
25,2,7,50
25,2,8,23
25,3,3,1159289
25,3,4,378351
25,3,5,56003
25,3,6,4853
25,3,7,351
25,3,8,26
25,4,8,95
25,4,4,1547250
25,4,5,245397
25,4,6,26965
25,4,7,2074
25,5,8,514
25,5,5,639431
25,5,6,93275
25,5,7,10101
25,6,8,2175
25,6,6,192423
25,6,7,32614
25,7,8,5834
25,7,7,49442
25,8,8,7379
26,0,2,227
26,0,3,1161
26,0,4,1139
26,0,5,732
26,0,6,313
26,0,7,162
26,0,8,38
26,1,2,2812
26,1,3,17262
26,1,4,6668
26,1,5,1221
26,1,6,155
26,1,7,32
26,1,8,24
26,2,2,21271
26,2,3,214509
26,2,4,60376
26,2,5,8553
26,2,6,629
26,2,7,67
26,2,8,18
26,3,3,1160683
26,3,4,374244
26,3,5,52744
26,3,6,4720
26,3,7,342
26,3,8,35
26,4,8,106
26,4,4,1552576
26,4,5,242857
26,4,6,24999
26,4,7,2139
26,5,8,669
26,5,5,645403
26,5,6,94140
26,5,7,10249
26,6,8,2504
26,6,6,193845
26,6,7,32416
26,7,8,5911
26,7,7,49423
26,8,8,6805
27,0,2,208
27,0,3,1076
27,0,4,1199
27,0,5,651
27,0,6,344
27,0,7,186
27,0,8,51
27,1,2,2665
27,1,3,16568
27,1,4,6927
27,1,5,1204
27,1,6,144
27,1,7,30
27,1,8,10
27,2,2,21437
27,2,3,217251
27,2,4,61147
27,2,5,9081
27,2,6,597
27,2,7,81
27,2,8,18
27,3,3,1158720
27,3,4,375892
27,3,5,56699
27,3,6,4149
27,3,7,319
27,3,8,26
27,4,8,129
27,4,4,1549838
27,4,5,251960
27,4,6,24800
27,4,7,2155
27,5,8,555
27,5,5,631915
27,5,6,95074
27,5,7,10555
27,6,8,2321
27,6,6,193693
27,6,7,33313
27,7,8,5778
27,7,7,48191
27,8,8,7222
28,0,2,176
28,0,3,1123
28,0,4,1137
28,0,5,670
28,0,6,336
28,0,7,178
28,0,8,39
28,1,2,2560
28,1,3,16914
28,1,4,7060
28,1,5,1149
28,1,6,204
28,1,7,27
28,1,8,24
28,2,2,21574
28,2,3,215352
28,2,4,60734
28,2,5,9230
28,2,6,848
28,2,7,65
28,2,8,18
28,3,3,1160226
28,3,4,378594
28,3,5,55810
28,3,6,4809
28,3,7,368
28,3,8,28
28,4,8,103
28,4,4,1547478
28,4,5,245520
28,4,6,25549
28,4,7,2087
28,5,8,539
28,5,5,639131
28,5,6,93918
28,5,7,10201
28,6,8,2238
28,6,6,193137
28,6,7,32643
28,7,8,5998
28,7,7,49261
28,8,8,7123
29,0,2,168
29,0,3,1092
29,0,4,1160
29,0,5,692
29,0,6,337
29,0,7,163
29,0,8,38
29,1,2,2476
29,1,3,17111
29,1,4,7146
29,1,5,1282
29,1,6,150
29,1,7,36
29,1,8,24
29,2,2,21666
29,2,3,216041
29,2,4,60603
29,2,5,8788
29,2,6,694
29,2,7,75
29,2,8,18
29,3,3,1159371
29,3,4,377193
29,3,5,55916
29,3,6,4525
29,3,7,467
29,3,8,31
29,4,8,119
29,4,4,1548901
29,4,5,245837
29,4,6,24680
29,4,7,2483
29,5,8,600
29,5,5,638995
29,5,6,93342
29,5,7,10937
29,6,8,2390
29,6,6,195073
29,6,7,32546
29,7,8,5911
29,7,7,48123
29,8,8,6979
