lexicon,lev, length_count, neighbors
real,0,2,94
real,0,3,303
real,0,4,183
real,0,5,54
real,0,6,18
real,0,7,2
real,0,8,1
real,1,2,2599
real,1,3,17107
real,1,4,6953
real,1,5,1126
real,1,6,118
real,1,7,19
real,1,8,2
real,2,2,21617
real,2,3,215976
real,2,4,60291
real,2,5,8751
real,2,6,717
real,2,7,57
real,2,8,11
real,3,3,1160229
real,3,4,376449
real,3,5,54834
real,3,6,4738
real,3,7,428
real,3,8,29
real,4,8,136
real,4,4,1551127
real,4,5,245566
real,4,6,25807
real,4,7,2290
real,5,8,594
real,5,5,641179
real,5,6,95731
real,5,7,10529
real,6,8,2296
real,6,6,191672
real,6,7,32651
real,7,8,6047
real,7,7,48854
real,8,8,6994
0,0,2,36
0,0,3,88
0,0,4,1
0,1,2,1915
0,1,3,6600
0,1,4,514
0,1,5,12
0,2,2,22359
0,2,3,160608
0,2,4,18711
0,2,5,621
0,2,6,11
0,3,3,1226319
0,3,4,301816
0,3,5,14926
0,3,6,448
0,3,7,7
0,4,8,2
0,4,4,1673961
0,4,5,176494
0,4,6,7540
0,4,7,214
0,5,8,57
0,5,5,759457
0,5,6,69877
0,5,7,3077
0,6,8,649
0,6,6,240925
0,6,7,22792
0,7,8,4311
0,7,7,68740
0,8,8,11091
1,0,2,43
1,0,3,93
1,0,4,6
1,1,2,1821
1,1,3,6421
1,1,4,497
1,1,5,10
1,2,2,22446
1,2,3,158781
1,2,4,18595
1,2,5,619
1,2,6,11
1,2,7,1
1,2,8,1
1,3,3,1228320
1,3,4,299271
1,3,5,15349
1,3,6,454
1,3,7,7
1,4,8,2
1,4,4,1676634
1,4,5,178032
1,4,6,7719
1,4,7,220
1,5,8,62
1,5,5,757500
1,5,6,69356
1,5,7,3107
1,6,8,718
1,6,6,241261
1,6,7,23431
1,7,8,4451
1,7,7,68064
1,8,8,10876
2,0,2,29
2,0,3,98
2,0,4,5
2,1,2,1736
2,1,3,6452
2,1,4,460
2,1,5,9
2,2,2,22545
2,2,3,156951
2,2,4,18266
2,2,5,547
2,2,6,18
2,3,3,1230114
2,3,4,294881
2,3,5,14466
2,3,6,381
2,3,7,11
2,4,8,1
2,4,4,1681391
2,4,5,172692
2,4,6,7477
2,4,7,213
2,5,8,62
2,5,5,763796
2,5,6,69031
2,5,7,3190
2,6,8,678
2,6,6,241894
2,6,7,23269
2,7,8,4294
2,7,7,68147
2,8,8,11075
3,0,2,37
3,0,3,114
3,0,4,5
3,0,5,1
3,1,2,1787
3,1,3,6593
3,1,4,460
3,1,5,4
3,1,6,1
3,2,2,22486
3,2,3,158715
3,2,4,18198
3,2,5,624
3,2,6,19
3,3,3,1228193
3,3,4,297493
3,3,5,14777
3,3,6,418
3,3,7,9
3,4,8,4
3,4,4,1678847
3,4,5,174709
3,4,6,7779
3,4,7,223
3,5,8,46
3,5,5,761395
3,5,6,70106
3,5,7,3156
3,6,8,734
3,6,6,240478
3,6,7,23748
3,7,8,4343
3,7,7,67694
3,8,8,10983
4,0,2,42
4,0,3,89
4,0,4,2
4,1,2,1924
4,1,3,6716
4,1,4,501
4,1,5,18
4,1,6,1
4,2,2,22344
4,2,3,160765
4,2,4,18351
4,2,5,639
4,2,6,9
4,3,3,1226045
4,3,4,296775
4,3,5,15048
4,3,6,390
4,3,7,8
4,3,8,1
4,4,8,5
4,4,4,1679374
4,4,5,176138
4,4,6,7384
4,4,7,205
4,5,8,75
4,5,5,759667
4,5,6,68720
4,5,7,3075
4,6,8,772
4,6,6,242297
4,6,7,23267
4,7,8,4660
4,7,7,68275
4,8,8,10597
5,0,2,32
5,0,3,87
5,0,4,3
5,1,2,1737
5,1,3,6556
5,1,4,497
5,1,5,8
5,2,2,22541
5,2,3,158511
5,2,4,18134
5,2,5,586
5,2,6,20
5,3,3,1228461
5,3,4,294332
5,3,5,14416
5,3,6,432
5,3,7,7
5,3,8,1
5,4,8,3
5,4,4,1682037
5,4,5,174621
5,4,6,7784
5,4,7,217
5,5,8,61
5,5,5,761879
5,5,6,69831
5,5,7,3103
5,6,8,682
5,6,6,240734
5,6,7,23228
5,7,8,4416
5,7,7,68275
5,8,8,10947
6,0,2,25
6,0,3,93
6,0,4,7
6,1,2,1889
6,1,3,6213
6,1,4,461
6,1,5,13
6,2,2,22396
6,2,3,159410
6,2,4,18181
6,2,5,589
6,2,6,10
6,3,3,1227899
6,3,4,295690
6,3,5,14652
6,3,6,371
6,3,7,10
6,4,8,6
6,4,4,1680664
6,4,5,172861
6,4,6,7411
6,4,7,248
6,5,8,63
6,5,5,763395
6,5,6,67870
6,5,7,3011
6,6,8,710
6,6,6,243139
6,6,7,23215
6,7,8,4321
6,7,7,68346
6,8,8,11010
7,0,2,37
7,0,3,89
7,0,4,6
7,1,2,1875
7,1,3,6104
7,1,4,502
7,1,5,10
7,2,2,22398
7,2,3,156231
7,2,4,18089
7,2,5,606
7,2,6,15
7,3,3,1231191
7,3,4,295850
7,3,5,14367
7,3,6,426
7,3,7,8
7,4,8,3
7,4,4,1680556
7,4,5,173448
7,4,6,7665
7,4,7,177
7,5,8,72
7,5,5,763079
7,5,6,69863
7,5,7,2934
7,6,8,675
7,6,6,240832
7,6,7,23021
7,7,8,4403
7,7,7,68690
7,8,8,10957
8,0,2,42
8,0,3,88
8,0,4,4
8,1,2,1816
8,1,3,6198
8,1,4,457
8,1,5,15
8,2,2,22452
8,2,3,155036
8,2,4,17718
8,2,5,597
8,2,6,13
8,3,3,1232293
8,3,4,292088
8,3,5,14964
8,3,6,394
8,3,7,8
8,4,8,2
8,4,4,1684736
8,4,5,177461
8,4,6,7209
8,4,7,245
8,5,8,62
8,5,5,758473
8,5,6,68048
8,5,7,3296
8,6,8,605
8,6,6,243137
8,6,7,24116
8,7,8,4353
8,7,7,67165
8,8,8,11088
9,0,2,34
9,0,3,75
9,0,4,3
9,1,2,1933
9,1,3,6002
9,1,4,505
9,1,5,12
9,1,6,1
9,2,2,22343
9,2,3,154685
9,2,4,18648
9,2,5,606
9,2,6,11
9,3,3,1232853
9,3,4,299232
9,3,5,15011
9,3,6,415
9,3,7,11
9,4,8,1
9,4,4,1676615
9,4,5,176433
9,4,6,7771
9,4,7,210
9,5,8,45
9,5,5,759448
9,5,6,69502
9,5,7,3150
9,6,8,698
9,6,6,241101
9,6,7,23315
9,7,8,4364
9,7,7,68144
9,8,8,11002
10,0,2,28
10,0,3,88
10,0,4,4
10,1,2,1778
10,1,3,6466
10,1,4,441
10,1,5,10
10,1,6,1
10,2,2,22504
10,2,3,158133
10,2,4,17656
10,2,5,603
10,2,6,16
10,3,3,1228928
10,3,4,291220
10,3,5,14141
10,3,6,397
10,3,7,6
10,4,8,3
10,4,4,1685682
10,4,5,173382
10,4,6,7469
10,4,7,214
10,5,8,66
10,5,5,763374
10,5,6,68988
10,5,7,3044
10,6,8,727
10,6,6,241930
10,6,7,23295
10,7,8,4592
10,7,7,68271
10,8,8,10722
11,0,2,47
11,0,3,99
11,0,4,6
11,1,2,1877
11,1,3,6607
11,1,4,530
11,1,5,10
11,1,6,1
11,2,2,22386
11,2,3,158179
11,2,4,18597
11,2,5,567
11,2,6,9
11,3,3,1228730
11,3,4,297912
11,3,5,14489
11,3,6,394
11,3,7,4
11,4,8,4
11,4,4,1677958
11,4,5,173817
11,4,6,7655
11,4,7,188
11,5,8,48
11,5,5,762627
11,5,6,69767
11,5,7,2992
11,6,8,663
11,6,6,240975
11,6,7,22717
11,7,8,4400
11,7,7,68929
11,8,8,10995
12,0,2,26
12,0,3,94
12,0,4,1
12,1,2,1798
12,1,3,6477
12,1,4,518
12,1,5,16
12,2,2,22486
12,2,3,159573
12,2,4,17927
12,2,5,582
12,2,6,8
12,3,3,1227471
12,3,4,295646
12,3,5,15111
12,3,6,393
12,3,7,8
12,4,8,1
12,4,4,1680911
12,4,5,176773
12,4,6,7117
12,4,7,230
12,5,8,63
12,5,5,759028
12,5,6,68771
12,5,7,3090
12,6,8,621
12,6,6,242512
12,6,7,23516
12,7,8,4328
12,7,7,67986
12,8,8,11097
13,0,2,43
13,0,3,87
13,0,4,2
13,1,2,1736
13,1,3,6509
13,1,4,455
13,1,5,9
13,2,2,22531
13,2,3,157652
13,2,4,18149
13,2,5,512
13,2,6,16
13,3,3,1229367
13,3,4,295717
13,3,5,14598
13,3,6,406
13,3,7,6
13,4,8,3
13,4,4,1680680
13,4,5,172878
13,4,6,7395
13,4,7,188
13,5,8,44
13,5,5,763513
13,5,6,68739
13,5,7,2986
13,6,8,697
13,6,6,242245
13,6,7,22958
13,7,8,4328
13,7,7,68692
13,8,8,11038
14,0,2,49
14,0,3,104
14,0,4,5
14,1,2,1805
14,1,3,6483
14,1,4,492
14,1,5,12
14,1,6,1
14,2,2,22456
14,2,3,158737
14,2,4,18492
14,2,5,603
14,2,6,6
14,3,3,1228291
14,3,4,297595
14,3,5,14897
14,3,6,387
14,3,7,7
14,4,8,7
14,4,4,1678419
14,4,5,174320
14,4,6,7400
14,4,7,201
14,5,8,63
14,5,5,761678
14,5,6,68335
14,5,7,3059
14,6,8,689
14,6,6,242672
14,6,7,23023
14,7,8,4464
14,7,7,68540
14,8,8,10887
15,0,2,44
15,0,3,100
15,0,4,5
15,1,2,1884
15,1,3,6958
15,1,4,486
15,1,5,15
15,2,2,22382
15,2,3,163863
15,2,4,18424
15,2,5,573
15,2,6,13
15,3,3,1222694
15,3,4,297648
15,3,5,14755
15,3,6,427
15,3,7,7
15,4,8,2
15,4,4,1678440
15,4,5,174280
15,4,6,7841
15,4,7,168
15,5,8,49
15,5,5,761887
15,5,6,69771
15,5,7,2936
15,6,8,633
15,6,6,240749
15,6,7,22829
15,7,8,4316
15,7,7,68890
15,8,8,11110
16,0,2,55
16,0,3,86
16,0,4,4
16,1,2,2047
16,1,3,6288
16,1,4,493
16,1,5,12
16,2,2,22208
16,2,3,156460
16,2,4,18118
16,2,5,637
16,2,6,15
16,3,3,1230781
16,3,4,295838
16,3,5,14956
16,3,6,349
16,3,7,8
16,4,8,7
16,4,4,1680550
16,4,5,176886
16,4,6,7443
16,4,7,233
16,5,8,53
16,5,5,759019
16,5,6,68462
16,5,7,3014
16,6,8,622
16,6,6,242532
16,6,7,23038
16,7,8,4302
16,7,7,68537
16,8,8,11126
17,0,2,57
17,0,3,90
17,0,4,4
17,0,5,1
17,1,2,2008
17,1,3,6691
17,1,4,463
17,1,5,14
17,2,2,22245
17,2,3,161384
17,2,4,18518
17,2,5,623
17,2,6,12
17,3,3,1225450
17,3,4,298660
17,3,5,14978
17,3,6,407
17,3,7,12
17,4,8,4
17,4,4,1677358
17,4,5,175806
17,4,6,7588
17,4,7,250
17,5,8,68
17,5,5,760088
17,5,6,69691
17,5,7,3271
17,6,8,660
17,6,6,241103
17,6,7,23880
17,7,8,4485
17,7,7,67417
17,8,8,10893
18,0,2,39
18,0,3,76
18,0,4,4
18,1,2,1890
18,1,3,6582
18,1,4,513
18,1,5,10
18,2,2,22381
18,2,3,160689
18,2,4,18411
18,2,5,564
18,2,6,13
18,3,3,1226268
18,3,4,295168
18,3,5,14135
18,3,6,433
18,3,7,8
18,4,8,6
18,4,4,1680907
18,4,5,171038
18,4,6,7728
18,4,7,205
18,5,8,63
18,5,5,765763
18,5,6,69858
18,5,7,3239
18,6,8,756
18,6,6,240769
18,6,7,23787
18,7,8,4517
18,7,7,67591
18,8,8,10768
19,0,2,39
19,0,3,106
19,0,4,3
19,1,2,1855
19,1,3,6665
19,1,4,462
19,1,5,12
19,2,2,22416
19,2,3,161297
19,2,4,18014
19,2,5,577
19,2,6,10
19,2,7,1
19,3,3,1225547
19,3,4,294771
19,3,5,14093
19,3,6,382
19,3,7,5
19,4,8,5
19,4,4,1681753
19,4,5,170837
19,4,6,7245
19,4,7,213
19,5,8,84
19,5,5,765991
19,5,6,68197
19,5,7,3295
19,6,8,805
19,6,6,242967
19,6,7,24158
19,7,8,4819
19,7,7,67158
19,8,8,10397
20,0,2,47
20,0,3,106
20,0,4,6
20,1,2,1885
20,1,3,6429
20,1,4,466
20,1,5,10
20,2,2,22378
20,2,3,158760
20,2,4,17967
20,2,5,582
20,2,6,10
20,2,7,1
20,3,3,1228320
20,3,4,294129
20,3,5,14301
20,3,6,401
20,3,7,2
20,4,8,3
20,4,4,1682435
20,4,5,173384
20,4,6,7439
20,4,7,188
20,5,8,59
20,5,5,763233
20,5,6,68859
20,5,7,2985
20,6,8,708
20,6,6,242092
20,6,7,23239
20,7,8,4322
20,7,7,68415
20,8,8,11018
21,0,2,35
21,0,3,81
21,0,4,2
21,1,2,1709
21,1,3,6302
21,1,4,473
21,1,5,10
21,2,2,22566
21,2,3,154577
21,2,4,18196
21,2,5,556
21,2,6,10
21,2,7,1
21,3,3,1232655
21,3,4,296689
21,3,5,14158
21,3,6,396
21,3,7,6
21,3,8,1
21,4,8,2
21,4,4,1679643
21,4,5,172845
21,4,6,7388
21,4,7,197
21,5,8,57
21,5,5,763941
21,5,6,69361
21,5,7,3003
21,6,8,682
21,6,6,241646
21,6,7,23361
21,7,8,4401
21,7,7,68262
21,8,8,10967
22,0,2,49
22,0,3,80
22,0,4,5
22,1,2,2027
22,1,3,6228
22,1,4,504
22,1,5,8
22,2,2,22234
22,2,3,156567
22,2,4,18148
22,2,5,575
22,2,6,12
22,3,3,1230740
22,3,4,296423
22,3,5,14500
22,3,6,360
22,3,7,11
22,4,8,4
22,4,4,1679923
22,4,5,174424
22,4,6,7175
22,4,7,220
22,5,8,50
22,5,5,762003
22,5,6,68318
22,5,7,3248
22,6,8,724
22,6,6,242936
22,6,7,23933
22,7,8,4329
22,7,7,67418
22,8,8,11003
23,0,2,39
23,0,3,96
23,0,4,6
23,1,2,1933
23,1,3,6531
23,1,4,512
23,1,5,19
23,2,2,22338
23,2,3,159263
23,2,4,18065
23,2,5,597
23,2,6,10
23,3,3,1227725
23,3,4,297980
23,3,5,14649
23,3,6,433
23,3,7,6
23,4,8,1
23,4,4,1678440
23,4,5,172793
23,4,6,7436
23,4,7,224
23,5,8,50
23,5,5,763452
23,5,6,68722
23,5,7,3037
23,6,8,695
23,6,6,242200
23,6,7,23258
23,7,8,4293
23,7,7,68305
23,8,8,11071
24,0,2,50
24,0,3,73
24,0,4,6
24,1,2,1918
24,1,3,6746
24,1,4,464
24,1,5,17
24,2,2,22342
24,2,3,161399
24,2,4,17729
24,2,5,635
24,2,6,11
24,2,7,1
24,3,3,1225397
24,3,4,291855
24,3,5,14882
24,3,6,388
24,3,7,11
24,4,8,3
24,4,4,1684949
24,4,5,174618
24,4,6,7318
24,4,7,178
24,5,8,48
24,5,5,761358
24,5,6,68656
24,5,7,3135
24,6,8,706
24,6,6,242428
24,6,7,23432
24,7,8,4546
24,7,7,68073
24,8,8,10807
25,0,2,46
25,0,3,107
25,0,4,7
25,1,2,1867
25,1,3,6681
25,1,4,477
25,1,5,11
25,2,2,22397
25,2,3,160430
25,2,4,17818
25,2,5,509
25,2,6,18
25,3,3,1226397
25,3,4,292781
25,3,5,14068
25,3,6,392
25,3,7,3
25,4,4,1683920
25,4,5,171134
25,4,6,7411
25,4,7,234
25,5,8,50
25,5,5,765788
25,5,6,69159
25,5,7,3238
25,6,8,698
25,6,6,241821
25,6,7,23611
25,7,8,4359
25,7,7,67744
25,8,8,11003
26,0,2,28
26,0,3,82
26,0,4,3
26,1,2,1761
26,1,3,6129
26,1,4,423
26,1,5,7
26,1,6,1
26,2,2,22521
26,2,3,155373
26,2,4,17824
26,2,5,612
26,2,6,12
26,3,3,1232031
26,3,4,292803
26,3,5,14668
26,3,6,393
26,3,7,10
26,4,8,3
26,4,4,1683950
26,4,5,174166
26,4,6,7596
26,4,7,216
26,5,8,49
26,5,5,762057
26,5,6,69392
26,5,7,3080
26,6,8,661
26,6,6,241407
26,6,7,23247
26,7,8,4269
26,7,7,68277
26,8,8,11128
27,0,2,41
27,0,3,105
27,0,4,2
27,1,2,1868
27,1,3,6526
27,1,4,477
27,1,5,9
27,1,6,1
27,2,2,22401
27,2,3,158580
27,2,4,17670
27,2,5,602
27,2,6,12
27,3,3,1228404
27,3,4,292749
27,3,5,14220
27,3,6,437
27,3,7,15
27,4,8,3
27,4,4,1684105
27,4,5,173245
27,4,6,7805
27,4,7,215
27,5,8,42
27,5,5,763434
27,5,6,69367
27,5,7,3125
27,6,8,624
27,6,6,241179
27,6,7,23059
27,7,8,4326
27,7,7,68416
27,8,8,11115
28,0,2,36
28,0,3,92
28,0,4,10
28,1,2,1904
28,1,3,6426
28,1,4,505
28,1,5,13
28,2,2,22370
28,2,3,158090
28,2,4,18498
28,2,5,523
28,2,6,13
28,3,3,1229007
28,3,4,298008
28,3,5,14264
28,3,6,355
28,3,7,7
28,4,8,1
28,4,4,1677982
28,4,5,172565
28,4,6,7353
28,4,7,209
28,5,8,75
28,5,5,764145
28,5,6,68131
28,5,7,3130
28,6,8,765
28,6,6,242949
28,6,7,23181
28,7,8,4534
28,7,7,68303
28,8,8,10735
29,0,2,41
29,0,3,74
29,0,4,6
29,1,2,1915
29,1,3,6380
29,1,4,495
29,1,5,12
29,2,2,22354
29,2,3,157061
29,2,4,18419
29,2,5,614
29,2,6,13
29,3,3,1230100
29,3,4,297386
29,3,5,15396
29,3,6,454
29,4,8,3
29,4,4,1678697
29,4,5,178105
29,4,6,7519
29,4,7,202
29,5,8,43
29,5,5,757383
29,5,6,69268
29,5,7,2903
29,6,8,637
29,6,6,241547
29,6,7,22892
29,7,8,4256
29,7,7,68833
29,8,8,11171
