lexicon,lev, length_count, neighbors
real,0,2,94
real,0,3,303
real,0,4,183
real,0,5,54
real,0,6,18
real,0,7,2
real,0,8,1
real,1,2,2599
real,1,3,17107
real,1,4,6953
real,1,5,1126
real,1,6,118
real,1,7,19
real,1,8,2
real,2,2,21617
real,2,3,215976
real,2,4,60291
real,2,5,8751
real,2,6,717
real,2,7,57
real,2,8,11
real,3,3,1160229
real,3,4,376449
real,3,5,54834
real,3,6,4738
real,3,7,428
real,3,8,29
real,4,8,136
real,4,4,1551127
real,4,5,245566
real,4,6,25807
real,4,7,2290
real,5,8,594
real,5,5,641179
real,5,6,95731
real,5,7,10529
real,6,8,2296
real,6,6,191672
real,6,7,32651
real,7,8,6047
real,7,7,48854
real,8,8,6994
0,0,2,382
0,0,3,1053
0,0,4,523
0,0,5,79
0,0,6,3
0,1,2,2249
0,1,3,20183
0,1,4,8197
0,1,5,1142
0,1,6,84
0,2,2,21679
0,2,3,227114
0,2,4,65351
0,2,5,8935
0,2,6,684
0,2,7,33
0,3,3,1145265
0,3,4,392748
0,3,5,57751
0,3,6,4420
0,3,7,238
0,3,8,5
0,4,8,65
0,4,4,1528184
0,4,5,250828
0,4,6,24242
0,4,7,1536
0,5,8,341
0,5,5,632775
0,5,6,91303
0,5,7,7983
0,6,8,1770
0,6,6,198065
0,6,7,28964
0,7,8,5364
0,7,7,56076
0,8,8,8565
1,0,2,301
1,0,3,1104
1,0,4,547
1,0,5,90
1,0,6,5
1,1,2,2178
1,1,3,19236
1,1,4,8450
1,1,5,1124
1,1,6,97
1,1,7,2
1,2,2,21831
1,2,3,222383
1,2,4,68744
1,2,5,8460
1,2,6,644
1,2,7,31
1,2,8,2
1,3,3,1150892
1,3,4,409136
1,3,5,54831
1,3,6,4347
1,3,7,227
1,3,8,7
1,4,8,82
1,4,4,1508126
1,4,5,243117
1,4,6,23414
1,4,7,1555
1,5,8,426
1,5,5,643888
1,5,6,92223
1,5,7,8225
1,6,8,1972
1,6,6,198071
1,6,7,29037
1,7,8,5677
1,7,7,55753
1,8,8,7944
2,0,2,465
2,0,3,1032
2,0,4,490
2,0,5,102
2,0,6,6
2,0,7,1
2,1,2,2187
2,1,3,19312
2,1,4,7792
2,1,5,1267
2,1,6,73
2,1,7,9
2,2,2,21658
2,2,3,219948
2,2,4,64813
2,2,5,9003
2,2,6,566
2,2,7,53
2,2,8,1
2,3,3,1153323
2,3,4,403011
2,3,5,56053
2,3,6,4181
2,3,7,298
2,3,8,5
2,4,8,61
2,4,4,1518897
2,4,5,247797
2,4,6,23036
2,4,7,1923
2,5,8,396
2,5,5,637288
2,5,6,92328
2,5,7,8862
2,6,8,1717
2,6,6,198611
2,6,7,29803
2,7,8,5452
2,7,7,53881
2,8,8,8478
3,0,2,260
3,0,3,948
3,0,4,552
3,0,5,87
3,0,6,7
3,1,2,2378
3,1,3,18974
3,1,4,8536
3,1,5,1161
3,1,6,76
3,1,7,6
3,2,2,21672
3,2,3,214968
3,2,4,68323
3,2,5,8413
3,2,6,608
3,2,7,49
3,2,8,3
3,3,3,1158725
3,3,4,409428
3,3,5,55927
3,3,6,4385
3,3,7,247
3,3,8,19
3,4,8,77
3,4,4,1508164
3,4,5,242138
3,4,6,23800
3,4,7,1695
3,5,8,389
3,5,5,643784
3,5,6,90234
3,5,7,8408
3,6,8,1596
3,6,6,199691
3,6,7,29901
3,7,8,5512
3,7,7,54524
3,8,8,8514
4,0,2,306
4,0,3,973
4,0,4,478
4,0,5,92
4,0,6,7
4,1,2,2193
4,1,3,19079
4,1,4,8210
4,1,5,1318
4,1,6,107
4,1,7,6
4,1,8,1
4,2,2,21811
4,2,3,219321
4,2,4,68726
4,2,5,8571
4,2,6,715
4,2,7,32
4,2,8,4
4,3,3,1154242
4,3,4,406144
4,3,5,55055
4,3,6,4792
4,3,7,238
4,3,8,9
4,4,8,52
4,4,4,1511445
4,4,5,247367
4,4,6,24954
4,4,7,1649
4,5,8,394
4,5,5,639107
4,5,6,91816
4,5,7,8335
4,6,8,1781
4,6,6,196410
4,6,7,30022
4,7,8,5505
4,7,7,54548
4,8,8,8364
5,0,2,308
5,0,3,940
5,0,4,500
5,0,5,77
5,0,6,11
5,1,2,2310
5,1,3,18934
5,1,4,8115
5,1,5,1190
5,1,6,80
5,1,7,7
5,2,2,21692
5,2,3,220662
5,2,4,65377
5,2,5,9087
5,2,6,600
5,2,7,31
5,2,8,1
5,3,3,1153079
5,3,4,402141
5,3,5,57955
5,3,6,4037
5,3,7,257
5,3,8,10
5,4,8,64
5,4,4,1518870
5,4,5,247289
5,4,6,22521
5,4,7,1538
5,5,8,348
5,5,5,635912
5,5,6,90551
5,5,7,7935
5,6,8,1575
5,6,6,201001
5,6,7,29128
5,7,8,5175
5,7,7,55934
5,8,8,8937
6,0,2,308
6,0,3,1005
6,0,4,463
6,0,5,70
6,0,6,6
6,1,2,2268
6,1,3,20255
6,1,4,7815
6,1,5,1125
6,1,6,72
6,1,7,3
6,1,8,1
6,2,2,21734
6,2,3,225459
6,2,4,65119
6,2,5,8392
6,2,6,569
6,2,7,33
6,2,8,1
6,3,3,1146896
6,3,4,398131
6,3,5,55777
6,3,6,4065
6,3,7,265
6,3,8,10
6,4,8,78
6,4,4,1523475
6,4,5,242054
6,4,6,23072
6,4,7,1640
6,5,8,360
6,5,5,644092
6,5,6,92087
6,5,7,8287
6,6,8,1661
6,6,6,198930
6,6,7,29640
6,7,8,5417
6,7,7,54962
6,8,8,8582
7,0,2,413
7,0,3,935
7,0,4,537
7,0,5,81
7,0,6,9
7,1,2,2417
7,1,3,17900
7,1,4,7919
7,1,5,1223
7,1,6,68
7,1,7,2
7,1,8,1
7,2,2,21480
7,2,3,214007
7,2,4,65090
7,2,5,8054
7,2,6,686
7,2,7,29
7,2,8,2
7,3,3,1160773
7,3,4,403701
7,3,5,52563
7,3,6,4386
7,3,7,255
7,3,8,9
7,4,8,63
7,4,4,1517756
7,4,5,240901
7,4,6,24145
7,4,7,1568
7,5,8,446
7,5,5,648688
7,5,6,93946
7,5,7,8303
7,6,8,1830
7,6,6,195561
7,6,7,29891
7,7,8,5558
7,7,7,54782
7,8,8,8201
8,0,2,329
8,0,3,1033
8,0,4,521
8,0,5,76
8,0,6,9
8,0,7,1
8,1,2,2543
8,1,3,19384
8,1,4,7685
8,1,5,1103
8,1,6,97
8,1,7,3
8,2,2,21438
8,2,3,222707
8,2,4,66717
8,2,5,8452
8,2,6,565
8,2,7,30
8,2,8,2
8,3,3,1150491
8,3,4,402501
8,3,5,57118
8,3,6,4202
8,3,7,268
8,3,8,8
8,4,8,72
8,4,4,1517579
8,4,5,253143
8,4,6,23692
8,4,7,1541
8,5,8,403
8,5,5,631618
8,5,6,92234
8,5,7,8281
8,6,8,1877
8,6,6,198002
8,6,7,29534
8,7,8,5494
8,7,7,55172
8,8,8,8254
9,0,2,371
9,0,3,1013
9,0,4,502
9,0,5,90
9,0,6,10
9,0,7,2
9,1,2,2439
9,1,3,18915
9,1,4,7812
9,1,5,1334
9,1,6,91
9,1,7,9
9,2,2,21500
9,2,3,218770
9,2,4,64959
9,2,5,9203
9,2,6,655
9,2,7,38
9,3,3,1154917
9,3,4,398843
9,3,5,58829
9,3,6,4580
9,3,7,285
9,3,8,9
9,4,8,62
9,4,4,1522887
9,4,5,246787
9,4,6,24125
9,4,7,1789
9,5,8,361
9,5,5,635267
9,5,6,91123
9,5,7,8700
9,6,8,1578
9,6,6,198217
9,6,7,29627
9,7,8,5375
9,7,7,54380
9,8,8,8725
10,0,2,384
10,0,3,1003
10,0,4,565
10,0,5,86
10,0,6,4
10,1,2,2303
10,1,3,18604
10,1,4,8005
10,1,5,1385
10,1,6,108
10,1,7,4
10,2,2,21623
10,2,3,221341
10,2,4,66015
10,2,5,8901
10,2,6,729
10,2,7,31
10,3,3,1152667
10,3,4,403385
10,3,5,56575
10,3,6,4255
10,3,7,234
10,3,8,4
10,4,8,57
10,4,4,1517033
10,4,5,249764
10,4,6,23139
10,4,7,1582
10,5,8,352
10,5,5,634799
10,5,6,90340
10,5,7,7712
10,6,8,1679
10,6,6,200226
10,6,7,28867
10,7,8,5441
10,7,7,56400
10,8,8,8577
11,0,2,447
11,0,3,1042
11,0,4,536
11,0,5,121
11,0,6,4
11,0,7,1
11,1,2,2101
11,1,3,18811
11,1,4,8402
11,1,5,1372
11,1,6,59
11,1,7,4
11,2,2,21762
11,2,3,216268
11,2,4,69193
11,2,5,8653
11,2,6,624
11,2,7,30
11,2,8,1
11,3,3,1157494
11,3,4,408202
11,3,5,54728
11,3,6,4338
11,3,7,217
11,3,8,5
11,4,8,69
11,4,4,1508670
11,4,5,243107
11,4,6,22871
11,4,7,1403
11,5,8,384
11,5,5,643529
11,5,6,90226
11,5,7,7482
11,6,8,1806
11,6,6,200679
11,6,7,28494
11,7,8,5376
11,7,7,57199
11,8,8,8469
12,0,2,289
12,0,3,993
12,0,4,495
12,0,5,87
12,0,6,6
12,0,7,1
12,1,2,2289
12,1,3,19576
12,1,4,8333
12,1,5,1166
12,1,6,66
12,1,7,6
12,2,2,21732
12,2,3,222274
12,2,4,66775
12,2,5,8609
12,2,6,583
12,2,7,29
12,2,8,2
12,3,3,1150772
12,3,4,407120
12,3,5,56710
12,3,6,4244
12,3,7,226
12,3,8,10
12,4,8,62
12,4,4,1512280
12,4,5,243049
12,4,6,22798
12,4,7,1547
12,5,8,403
12,5,5,641889
12,5,6,91300
12,5,7,8176
12,6,8,1818
12,6,6,199804
12,6,7,29887
12,7,8,5471
12,7,7,54958
12,8,8,8344
13,0,2,427
13,0,3,964
13,0,4,484
13,0,5,106
13,0,6,11
13,0,7,2
13,1,2,2133
13,1,3,19390
13,1,4,8196
13,1,5,1133
13,1,6,90
13,1,7,4
13,2,2,21750
13,2,3,220199
13,2,4,68412
13,2,5,8950
13,2,6,603
13,2,7,45
13,2,8,2
13,3,3,1153062
13,3,4,405135
13,3,5,56529
13,3,6,4309
13,3,7,231
13,3,8,4
13,4,8,67
13,4,4,1512776
13,4,5,246762
13,4,6,23257
13,4,7,1452
13,5,8,362
13,5,5,638030
13,5,6,92337
13,5,7,7589
13,6,8,1862
13,6,6,198194
13,6,7,29234
13,7,8,5650
13,7,7,56273
13,8,8,8163
14,0,2,330
14,0,3,1030
14,0,4,513
14,0,5,80
14,0,6,6
14,1,2,2215
14,1,3,19380
14,1,4,8407
14,1,5,1161
14,1,6,65
14,1,7,2
14,2,2,21765
14,2,3,223204
14,2,4,66695
14,2,5,8294
14,2,6,639
14,2,7,38
14,3,3,1150001
14,3,4,401618
14,3,5,54325
14,3,6,4445
14,3,7,292
14,3,8,7
14,4,8,70
14,4,4,1517770
14,4,5,243330
14,4,6,24520
14,4,7,1695
14,5,8,412
14,5,5,644320
14,5,6,93481
14,5,7,8422
14,6,8,1752
14,6,6,195645
14,6,7,30004
14,7,8,5457
14,7,7,54377
14,8,8,8412
15,0,2,303
15,0,3,936
15,0,4,487
15,0,5,82
15,0,6,5
15,0,7,1
15,1,2,2252
15,1,3,18736
15,1,4,8318
15,1,5,1149
15,1,6,76
15,1,7,8
15,2,2,21755
15,2,3,217174
15,2,4,67768
15,2,5,8737
15,2,6,640
15,2,7,46
15,3,3,1156769
15,3,4,403415
15,3,5,56894
15,3,6,4289
15,3,7,257
15,3,8,7
15,4,8,61
15,4,4,1515015
15,4,5,249747
15,4,6,23416
15,4,7,1682
15,5,8,325
15,5,5,634901
15,5,6,92162
15,5,7,8524
15,6,8,1724
15,6,6,198213
15,6,7,29246
15,7,8,5362
15,7,7,55066
15,8,8,8631
16,0,2,315
16,0,3,1087
16,0,4,527
16,0,5,100
16,0,6,7
16,1,2,2483
16,1,3,19235
16,1,4,8470
16,1,5,1276
16,1,6,81
16,1,7,3
16,2,2,21512
16,2,3,223708
16,2,4,67836
16,2,5,8815
16,2,6,588
16,2,7,25
16,2,8,2
16,3,3,1149585
16,3,4,403724
16,3,5,54743
16,3,6,3855
16,3,7,266
16,3,8,8
16,4,8,41
16,4,4,1514446
16,4,5,246012
16,4,6,22183
16,4,7,1644
16,5,8,310
16,5,5,640564
16,5,6,89848
16,5,7,8223
16,6,8,1573
16,6,6,202239
16,6,7,29069
16,7,8,5332
16,7,7,55600
16,8,8,8844
17,0,2,378
17,0,3,1111
17,0,4,544
17,0,5,78
17,0,6,7
17,0,7,1
17,1,2,2276
17,1,3,19042
17,1,4,7999
17,1,5,1228
17,1,6,79
17,1,7,4
17,2,2,21656
17,2,3,218244
17,2,4,65204
17,2,5,8604
17,2,6,675
17,2,7,35
17,3,3,1155218
17,3,4,404245
17,3,5,54754
17,3,6,4414
17,3,7,233
17,3,8,11
17,4,8,75
17,4,4,1517011
17,4,5,247117
17,4,6,24534
17,4,7,1435
17,5,8,368
17,5,5,639729
17,5,6,94299
17,5,7,7464
17,6,8,1678
17,6,6,194793
17,6,7,28552
17,7,8,5262
17,7,7,57106
17,8,8,8716
18,0,2,475
18,0,3,1052
18,0,4,488
18,0,5,96
18,0,6,6
18,1,2,2486
18,1,3,19738
18,1,4,8117
18,1,5,1291
18,1,6,81
18,1,7,5
18,2,2,21349
18,2,3,222480
18,2,4,66314
18,2,5,8936
18,2,6,666
18,2,7,24
18,2,8,3
18,3,3,1150345
18,3,4,400927
18,3,5,57266
18,3,6,4339
18,3,7,229
18,3,8,9
18,4,8,61
18,4,4,1519157
18,4,5,248750
18,4,6,23742
18,4,7,1471
18,5,8,400
18,5,5,635171
18,5,6,92233
18,5,7,7952
18,6,8,1831
18,6,6,197734
18,6,7,29144
18,7,8,5508
18,7,7,56005
18,8,8,8298
19,0,2,398
19,0,3,995
19,0,4,525
19,0,5,70
19,0,6,9
19,1,2,2332
19,1,3,19140
19,1,4,8617
19,1,5,1113
19,1,6,76
19,2,2,21580
19,2,3,219337
19,2,4,66667
19,2,5,8605
19,2,6,717
19,2,7,28
19,2,8,4
19,3,3,1154143
19,3,4,402968
19,3,5,56648
19,3,6,4654
19,3,7,248
19,3,8,5
19,4,8,53
19,4,4,1516226
19,4,5,247237
19,4,6,24518
19,4,7,1580
19,5,8,354
19,5,5,637837
19,5,6,92282
19,5,7,8207
19,6,8,1712
19,6,6,196545
19,6,7,29549
19,7,8,5359
19,7,7,55218
19,8,8,8623
20,0,2,434
20,0,3,998
20,0,4,512
20,0,5,78
20,0,6,7
20,0,7,1
20,1,2,2253
20,1,3,19595
20,1,4,8131
20,1,5,1234
20,1,6,74
20,1,7,3
20,2,2,21623
20,2,3,220482
20,2,4,65268
20,2,5,8931
20,2,6,613
20,2,7,39
20,3,3,1152540
20,3,4,400108
20,3,5,55407
20,3,6,4181
20,3,7,295
20,3,8,6
20,4,8,46
20,4,4,1520984
20,4,5,242240
20,4,6,23034
20,4,7,1621
20,5,8,336
20,5,5,643620
20,5,6,91262
20,5,7,8185
20,6,8,1704
20,6,6,199630
20,6,7,29787
20,7,8,5365
20,7,7,54899
20,8,8,8653
21,0,2,346
21,0,3,1134
21,0,4,523
21,0,5,88
21,0,6,5
21,1,2,2077
21,1,3,19708
21,1,4,8012
21,1,5,1357
21,1,6,68
21,1,7,3
21,2,2,21887
21,2,3,218809
21,2,4,63995
21,2,5,8745
21,2,6,622
21,2,7,36
21,2,8,2
21,3,3,1153964
21,3,4,395099
21,3,5,57174
21,3,6,4047
21,3,7,238
21,3,8,10
21,4,8,64
21,4,4,1527374
21,4,5,247589
21,4,6,22780
21,4,7,1620
21,5,8,334
21,5,5,636557
21,5,6,92058
21,5,7,8244
21,6,8,1538
21,6,6,199221
21,6,7,29944
21,7,8,5292
21,7,7,54745
21,8,8,8870
22,0,2,549
22,0,3,1001
22,0,4,570
22,0,5,85
22,0,6,8
22,1,2,2307
22,1,3,20209
22,1,4,8418
22,1,5,1202
22,1,6,82
22,1,7,2
22,2,2,21454
22,2,3,223468
22,2,4,67399
22,2,5,8910
22,2,6,609
22,2,7,28
22,3,3,1148937
22,3,4,405847
22,3,5,56705
22,3,6,4261
22,3,7,224
22,3,8,11
22,4,8,67
22,4,4,1512769
22,4,5,245727
22,4,6,23132
22,4,7,1644
22,5,8,378
22,5,5,638881
22,5,6,88095
22,5,7,8488
22,6,8,1790
22,6,6,202614
22,6,7,29594
22,7,8,5452
22,7,7,54850
22,8,8,8412
23,0,2,290
23,0,3,894
23,0,4,519
23,0,5,111
23,0,6,6
23,1,2,2247
23,1,3,18716
23,1,4,8270
23,1,5,1445
23,1,6,93
23,1,7,5
23,2,2,21773
23,2,3,215739
23,2,4,65681
23,2,5,9102
23,2,6,696
23,2,7,23
23,2,8,1
23,3,3,1158266
23,3,4,403338
23,3,5,57822
23,3,6,4505
23,3,7,271
23,3,8,14
23,4,8,61
23,4,4,1517195
23,4,5,245671
23,4,6,24971
23,4,7,1699
23,5,8,434
23,5,5,637359
23,5,6,92715
23,5,7,8639
23,6,8,1822
23,6,6,195815
23,6,7,30539
23,7,8,5440
23,7,7,53654
23,8,8,8338
24,0,2,383
24,0,3,1009
24,0,4,510
24,0,5,111
24,0,6,4
24,0,7,1
24,1,2,2487
24,1,3,18731
24,1,4,8207
24,1,5,1424
24,1,6,56
24,1,7,4
24,2,2,21440
24,2,3,219477
24,2,4,66650
24,2,5,8635
24,2,6,559
24,2,7,31
24,2,8,1
24,3,3,1154398
24,3,4,402728
24,3,5,57375
24,3,6,4177
24,3,7,268
24,3,8,11
24,4,8,70
24,4,4,1516908
24,4,5,247158
24,4,6,23388
24,4,7,1589
24,5,8,420
24,5,5,636807
24,5,6,92740
24,5,7,8138
24,6,8,1734
24,6,6,197877
24,6,7,29549
24,7,8,5446
24,7,7,55250
24,8,8,8428
25,0,2,463
25,0,3,1002
25,0,4,556
25,0,5,76
25,0,6,2
25,1,2,2598
25,1,3,19619
25,1,4,8337
25,1,5,1220
25,1,6,74
25,1,7,4
25,2,2,21249
25,2,3,223635
25,2,4,67305
25,2,5,8014
25,2,6,608
25,2,7,39
25,2,8,1
25,3,3,1149359
25,3,4,397691
25,3,5,54215
25,3,6,4237
25,3,7,244
25,3,8,11
25,4,8,56
25,4,4,1521114
25,4,5,246137
25,4,6,23235
25,4,7,1630
25,5,8,367
25,5,5,641848
25,5,6,92670
25,5,7,8468
25,6,8,1755
25,6,6,197975
25,6,7,29077
25,7,8,5504
25,7,7,55368
25,8,8,8416
26,0,2,202
26,0,3,984
26,0,4,551
26,0,5,89
26,0,6,5
26,0,7,1
26,1,2,2314
26,1,3,18742
26,1,4,8731
26,1,5,1220
26,1,6,97
26,1,7,6
26,2,2,21794
26,2,3,216252
26,2,4,68304
26,2,5,8497
26,2,6,686
26,2,7,35
26,2,8,1
26,3,3,1157637
26,3,4,398709
26,3,5,54173
26,3,6,4532
26,3,7,265
26,3,8,5
26,4,8,59
26,4,4,1518708
26,4,5,241755
26,4,6,24153
26,4,7,1576
26,5,8,344
26,5,5,645776
26,5,6,91738
26,5,7,8184
26,6,8,1616
26,6,6,197590
26,6,7,29563
26,7,8,5371
26,7,7,55200
26,8,8,8714
27,0,2,410
27,0,3,1075
27,0,4,490
27,0,5,78
27,0,6,8
27,1,2,2436
27,1,3,18910
27,1,4,8166
27,1,5,1208
27,1,6,68
27,1,7,3
27,2,2,21464
27,2,3,216819
27,2,4,66275
27,2,5,8780
27,2,6,613
27,2,7,45
27,2,8,1
27,3,3,1156811
27,3,4,401504
27,3,5,55988
27,3,6,4183
27,3,7,258
27,3,8,10
27,4,8,65
27,4,4,1518568
27,4,5,244320
27,4,6,23650
27,4,7,1782
27,5,8,397
27,5,5,641136
27,5,6,92333
27,5,7,8734
27,6,8,1645
27,6,6,197946
27,6,7,30049
27,7,8,5421
27,7,7,53959
27,8,8,8571
28,0,2,338
28,0,3,984
28,0,4,483
28,0,5,93
28,0,6,1
28,0,7,1
28,1,2,2132
28,1,3,18720
28,1,4,8305
28,1,5,1265
28,1,6,59
28,1,7,4
28,2,2,21840
28,2,3,217206
28,2,4,68125
28,2,5,8630
28,2,6,580
28,2,7,33
28,3,3,1156705
28,3,4,406507
28,3,5,53813
28,3,6,4302
28,3,7,275
28,3,8,13
28,4,8,68
28,4,4,1511583
28,4,5,240653
28,4,6,23563
28,4,7,1704
28,5,8,368
28,5,5,647056
28,5,6,91957
28,5,7,8506
28,6,8,1727
28,6,6,198339
28,6,7,30250
28,7,8,5302
28,7,7,54057
28,8,8,8632
29,0,2,448
29,0,3,1042
29,0,4,491
29,0,5,94
29,0,6,6
29,1,2,2116
29,1,3,19489
29,1,4,7946
29,1,5,1239
29,1,6,69
29,1,7,5
29,1,8,1
29,2,2,21746
29,2,3,220543
29,2,4,65989
29,2,5,8744
29,2,6,609
29,2,7,29
29,2,8,1
29,3,3,1152541
29,3,4,401709
29,3,5,57565
29,3,6,4496
29,3,7,265
29,3,8,5
29,4,8,49
29,4,4,1518868
29,4,5,251073
29,4,6,23684
29,4,7,1718
29,5,8,332
29,5,5,632795
29,5,6,92462
29,5,7,8213
29,6,8,1660
29,6,6,197475
29,6,7,29703
29,7,8,5420
29,7,7,54897
29,8,8,8642
