lexicon,lev, length_count, neighbors
real,0,2,94
real,0,3,303
real,0,4,183
real,0,5,54
real,0,6,18
real,0,7,2
real,0,8,1
real,1,2,2599
real,1,3,17107
real,1,4,6953
real,1,5,1126
real,1,6,118
real,1,7,19
real,1,8,2
real,2,2,21617
real,2,3,215976
real,2,4,60291
real,2,5,8751
real,2,6,717
real,2,7,57
real,2,8,11
real,3,3,1160229
real,3,4,376449
real,3,5,54834
real,3,6,4738
real,3,7,428
real,3,8,29
real,4,8,136
real,4,4,1551127
real,4,5,245566
real,4,6,25807
real,4,7,2290
real,5,8,594
real,5,5,641179
real,5,6,95731
real,5,7,10529
real,6,8,2296
real,6,6,191672
real,6,7,32651
real,7,8,6047
real,7,7,48854
real,8,8,6994
0,0,2,157
0,0,3,1006
0,0,4,97
0,0,5,3
0,1,2,2274
0,1,3,30236
0,1,4,3505
0,1,5,174
0,1,6,7
0,2,2,21879
0,2,3,297339
0,2,4,50062
0,2,5,3484
0,2,6,161
0,2,7,3
0,3,3,1065034
0,3,4,395079
0,3,5,39195
0,3,6,1852
0,3,7,67
0,3,8,1
0,4,8,22
0,4,4,1546260
0,4,5,243733
0,4,6,16849
0,4,7,761
0,5,8,201
0,5,5,664921
0,5,6,89785
0,5,7,6152
0,6,8,1361
0,6,6,210147
0,6,7,29105
0,7,8,5326
0,7,7,58742
0,8,8,9199
1,0,2,126
1,0,3,919
1,0,4,101
1,0,5,7
1,1,2,2368
1,1,3,28607
1,1,4,3363
1,1,5,162
1,1,6,6
1,2,2,21816
1,2,3,294649
1,2,4,48828
1,2,5,3849
1,2,6,113
1,2,7,4
1,3,3,1069440
1,3,4,393584
1,3,5,41749
1,3,6,1757
1,3,7,65
1,3,8,1
1,4,8,23
1,4,4,1549127
1,4,5,247983
1,4,6,16284
1,4,7,853
1,5,8,204
1,5,5,657760
1,5,6,87645
1,5,7,6729
1,6,8,1311
1,6,6,212996
1,6,7,29238
1,7,8,5189
1,7,7,57941
1,8,8,9382
2,0,2,135
2,0,3,921
2,0,4,87
2,0,5,3
2,1,2,2373
2,1,3,28075
2,1,4,3318
2,1,5,150
2,1,6,3
2,2,2,21802
2,2,3,285702
2,2,4,48647
2,2,5,3436
2,2,6,109
2,2,7,6
2,3,3,1078917
2,3,4,388105
2,3,5,39017
2,3,6,1722
2,3,7,86
2,3,8,3
2,4,8,26
2,4,4,1554846
2,4,5,242258
2,4,6,15898
2,4,7,947
2,5,8,227
2,5,5,666646
2,5,6,87544
2,5,7,7162
2,6,8,1449
2,6,6,213525
2,6,7,30536
2,7,8,5355
2,7,7,56093
2,8,8,9050
3,0,2,151
3,0,3,1018
3,0,4,94
3,0,5,3
3,1,2,2573
3,1,3,29264
3,1,4,3374
3,1,5,149
3,1,6,7
3,2,2,21586
3,2,3,293177
3,2,4,48928
3,2,5,3410
3,2,6,132
3,2,7,4
3,3,3,1070156
3,3,4,394452
3,3,5,38694
3,3,6,1913
3,3,7,55
3,3,8,3
3,4,8,16
3,4,4,1548155
3,4,5,243524
3,4,6,16989
3,4,7,854
3,5,8,218
3,5,5,665730
3,5,6,89630
3,5,7,6436
3,6,8,1458
3,6,6,210130
3,6,7,29001
3,7,8,5378
3,7,7,58480
3,8,8,9037
4,0,2,153
4,0,3,1165
4,0,4,103
4,0,5,2
4,1,2,2568
4,1,3,30649
4,1,4,3323
4,1,5,164
4,1,6,7
4,2,2,21589
4,2,3,298579
4,2,4,48598
4,2,5,3342
4,2,6,142
4,2,7,4
4,2,8,1
4,3,3,1063222
4,3,4,393876
4,3,5,38595
4,3,6,1943
4,3,7,58
4,3,8,1
4,4,8,19
4,4,4,1549103
4,4,5,240812
4,4,6,17250
4,4,7,732
4,5,8,211
4,5,5,668595
4,5,6,89655
4,5,7,6313
4,6,8,1342
4,6,6,209804
4,6,7,29164
4,7,8,5244
4,7,7,58559
4,8,8,9292
5,0,2,135
5,0,3,1167
5,0,4,107
5,0,5,2
5,1,2,2543
5,1,3,31038
5,1,4,3246
5,1,5,175
5,1,6,3
5,2,2,21632
5,2,3,300447
5,2,4,47292
5,2,5,3366
5,2,6,126
5,2,7,2
5,3,3,1060963
5,3,4,396241
5,3,5,37959
5,3,6,1742
5,3,7,81
5,3,8,2
5,4,8,32
5,4,4,1548117
5,4,5,240606
5,4,6,16586
5,4,7,920
5,5,8,216
5,5,5,669402
5,5,6,88816
5,5,7,6926
5,6,8,1370
5,6,6,211528
5,6,7,29878
5,7,8,5369
5,7,7,57023
5,8,8,9121
6,0,2,168
6,0,3,843
6,0,4,100
6,0,5,4
6,1,2,2681
6,1,3,28180
6,1,4,3226
6,1,5,166
6,1,6,5
6,2,2,21461
6,2,3,288037
6,2,4,47919
6,2,5,3488
6,2,6,131
6,2,7,3
6,3,3,1076555
6,3,4,395495
6,3,5,39180
6,3,6,2004
6,3,7,82
6,3,8,1
6,4,8,14
6,4,4,1548263
6,4,5,240271
6,4,6,17888
6,4,7,913
6,5,8,199
6,5,5,668401
6,5,6,91653
6,5,7,6923
6,6,8,1334
6,6,6,207120
6,6,7,29949
6,7,8,5285
6,7,7,56960
6,8,8,9277
7,0,2,157
7,0,3,1023
7,0,4,81
7,0,5,6
7,1,2,2525
7,1,3,30081
7,1,4,3128
7,1,5,164
7,1,6,5
7,2,2,21628
7,2,3,295496
7,2,4,48175
7,2,5,3481
7,2,6,122
7,2,7,4
7,3,3,1067015
7,3,4,389153
7,3,5,39908
7,3,6,1867
7,3,7,74
7,3,8,1
7,4,8,18
7,4,4,1554466
7,4,5,246276
7,4,6,16879
7,4,7,843
7,5,8,176
7,5,5,661675
7,5,6,89543
7,5,7,6499
7,6,8,1321
7,6,6,210385
7,6,7,29445
7,7,8,5315
7,7,7,57965
7,8,8,9279
8,0,2,179
8,0,3,974
8,0,4,75
8,0,5,3
8,1,2,2551
8,1,3,30177
8,1,4,3181
8,1,5,128
8,1,6,4
8,2,2,21580
8,2,3,296737
8,2,4,47024
8,2,5,3285
8,2,6,137
8,2,7,8
8,3,3,1065727
8,3,4,387995
8,3,5,38627
8,3,6,1926
8,3,7,85
8,3,8,2
8,4,8,13
8,4,4,1556728
8,4,5,244405
8,4,6,16971
8,4,7,862
8,5,8,181
8,5,5,665062
8,5,6,89213
8,5,7,6763
8,6,8,1271
8,6,6,210550
8,6,7,29812
8,7,8,5127
8,7,7,57300
8,8,8,9516
9,0,2,154
9,0,3,932
9,0,4,116
9,0,5,3
9,1,2,2597
9,1,3,29142
9,1,4,3534
9,1,5,136
9,1,6,6
9,1,7,1
9,2,2,21559
9,2,3,289478
9,2,4,49947
9,2,5,3230
9,2,6,129
9,2,7,1
9,3,3,1074063
9,3,4,399475
9,3,5,37136
9,3,6,1988
9,3,7,68
9,3,8,1
9,4,8,16
9,4,4,1541931
9,4,5,238949
9,4,6,17548
9,4,7,863
9,5,8,208
9,5,5,672056
9,5,6,90802
9,5,7,6618
9,6,8,1282
9,6,6,208328
9,6,7,29446
9,7,8,5321
9,7,7,57833
9,8,8,9282
10,0,2,161
10,0,3,883
10,0,4,88
10,0,5,3
10,1,2,2458
10,1,3,27883
10,1,4,3281
10,1,5,167
10,1,6,9
10,2,2,21691
10,2,3,284466
10,2,4,49034
10,2,5,3470
10,2,6,137
10,2,7,5
10,3,3,1080383
10,3,4,397221
10,3,5,39015
10,3,6,1883
10,3,7,68
10,3,8,1
10,4,8,20
10,4,4,1545379
10,4,5,243471
10,4,6,16824
10,4,7,893
10,5,8,200
10,5,5,665384
10,5,6,89364
10,5,7,6631
10,6,8,1363
10,6,6,210584
10,6,7,29888
10,7,8,5340
10,7,7,57345
10,8,8,9186
11,0,2,107
11,0,3,1024
11,0,4,98
11,0,5,5
11,1,2,2277
11,1,3,30140
11,1,4,3402
11,1,5,136
11,1,6,2
11,2,2,21926
11,2,3,295695
11,2,4,48057
11,2,5,3138
11,2,6,138
11,2,7,2
11,3,3,1066756
11,3,4,389753
11,3,5,36720
11,3,6,1882
11,3,7,62
11,3,8,1
11,4,8,17
11,4,4,1553693
11,4,5,237060
11,4,6,17000
11,4,7,778
11,5,8,248
11,5,5,674451
11,5,6,89538
11,5,7,6373
11,6,8,1412
11,6,6,210241
11,6,7,29334
11,7,8,5301
11,7,7,58281
11,8,8,9131
12,0,2,167
12,0,3,957
12,0,4,90
12,0,5,2
12,0,6,1
12,1,2,2555
12,1,3,29554
12,1,4,3210
12,1,5,159
12,1,6,6
12,2,2,21588
12,2,3,295183
12,2,4,47514
12,2,5,3272
12,2,6,120
12,2,7,1
12,3,3,1067921
12,3,4,389776
12,3,5,37933
12,3,6,1806
12,3,7,73
12,3,8,1
12,4,8,24
12,4,4,1554413
12,4,5,243093
12,4,6,16790
12,4,7,813
12,5,8,246
12,5,5,667051
12,5,6,88913
12,5,7,6184
12,6,8,1465
12,6,6,211165
12,6,7,28630
12,7,8,5555
12,7,7,59129
12,8,8,8819
13,0,2,139
13,0,3,1026
13,0,4,112
13,0,5,6
13,1,2,2586
13,1,3,30399
13,1,4,3236
13,1,5,181
13,1,6,6
13,2,2,21585
13,2,3,300518
13,2,4,48013
13,2,5,3379
13,2,6,140
13,2,7,3
13,3,3,1061672
13,3,4,393647
13,3,5,38042
13,3,6,1865
13,3,7,80
13,3,8,2
13,4,8,24
13,4,4,1549995
13,4,5,238407
13,4,6,17117
13,4,7,867
13,5,8,200
13,5,5,671495
13,5,6,89382
13,5,7,6561
13,6,8,1442
13,6,6,210291
13,6,7,29471
13,7,8,5449
13,7,7,57848
13,8,8,8993
14,0,2,135
14,0,3,918
14,0,4,86
14,0,5,6
14,1,2,2400
14,1,3,28038
14,1,4,3337
14,1,5,173
14,1,6,12
14,2,2,21775
14,2,3,289865
14,2,4,49768
14,2,5,3790
14,2,6,147
14,2,7,1
14,3,3,1074794
14,3,4,392804
14,3,5,40516
14,3,6,1880
14,3,7,73
14,3,8,1
14,4,8,24
14,4,4,1549008
14,4,5,245410
14,4,6,17553
14,4,7,905
14,5,8,221
14,5,5,661615
14,5,6,90933
14,5,7,6926
14,6,8,1430
14,6,6,208276
14,6,7,29587
14,7,8,5599
14,7,7,57338
14,8,8,8835
15,0,2,149
15,0,3,962
15,0,4,82
15,0,5,5
15,1,2,2685
15,1,3,29340
15,1,4,3078
15,1,5,171
15,1,6,3
15,2,2,21476
15,2,3,296427
15,2,4,46618
15,2,5,3258
15,2,6,103
15,2,7,8
15,3,3,1066886
15,3,4,385847
15,3,5,37553
15,3,6,1805
15,3,7,76
15,3,8,1
15,4,8,20
15,4,4,1559378
15,4,5,237602
15,4,6,16417
15,4,7,919
15,5,8,213
15,5,5,672921
15,5,6,88901
15,5,7,6803
15,6,8,1385
15,6,6,211572
15,6,7,29539
15,7,8,5293
15,7,7,57485
15,8,8,9198
16,0,2,140
16,0,3,948
16,0,4,107
16,0,5,4
16,1,2,2563
16,1,3,29255
16,1,4,3033
16,1,5,160
16,1,6,6
16,2,2,21607
16,2,3,293567
16,2,4,45586
16,2,5,3435
16,2,6,131
16,2,7,1
16,3,3,1069845
16,3,4,381409
16,3,5,39276
16,3,6,1843
16,3,7,70
16,4,8,30
16,4,4,1564868
16,4,5,243903
16,4,6,17223
16,4,7,806
16,5,8,240
16,5,5,664732
16,5,6,89625
16,5,7,6266
16,6,8,1379
16,6,6,209973
16,6,7,28642
16,7,8,5409
16,7,7,59045
16,8,8,9052
17,0,2,193
17,0,3,912
17,0,4,83
17,0,5,3
17,1,2,2804
17,1,3,27853
17,1,4,3372
17,1,5,150
17,1,6,8
17,2,2,21313
17,2,3,292249
17,2,4,48368
17,2,5,3184
17,2,6,130
17,2,7,3
17,3,3,1072601
17,3,4,391256
17,3,5,37445
17,3,6,1859
17,3,7,88
17,3,8,3
17,4,8,22
17,4,4,1551924
17,4,5,239263
17,4,6,16974
17,4,7,924
17,5,8,232
17,5,5,671465
17,5,6,89376
17,5,7,6727
17,6,8,1519
17,6,6,210454
17,6,7,29207
17,7,8,5411
17,7,7,57881
17,8,8,8923
18,0,2,141
18,0,3,1007
18,0,4,94
18,0,5,3
18,1,2,2420
18,1,3,29224
18,1,4,3176
18,1,5,161
18,1,6,8
18,2,2,21749
18,2,3,286863
18,2,4,47556
18,2,5,3267
18,2,6,117
18,2,7,4
18,3,3,1076521
18,3,4,393305
18,3,5,37869
18,3,6,1725
18,3,7,83
18,3,8,2
18,4,8,23
18,4,4,1550872
18,4,5,238803
18,4,6,16475
18,4,7,945
18,5,8,220
18,5,5,671407
18,5,6,89095
18,5,7,7015
18,6,8,1370
18,6,6,211381
18,6,7,30154
18,7,8,5401
18,7,7,56629
18,8,8,9094
19,0,2,149
19,0,3,906
19,0,4,97
19,0,5,3
19,0,6,1
19,1,2,2561
19,1,3,27755
19,1,4,3518
19,1,5,204
19,1,6,6
19,2,2,21600
19,2,3,285635
19,2,4,50055
19,2,5,3613
19,2,6,130
19,2,7,5
19,3,3,1079319
19,3,4,402119
19,3,5,41097
19,3,6,1925
19,3,7,71
19,3,8,1
19,4,8,28
19,4,4,1539214
19,4,5,248045
19,4,6,17144
19,4,7,899
19,5,8,183
19,5,5,658548
19,5,6,89319
19,5,7,6547
19,6,8,1282
19,6,6,210276
19,6,7,29571
19,7,8,5299
19,7,7,57737
19,8,8,9317
20,0,2,189
20,0,3,962
20,0,4,92
20,0,5,4
20,1,2,2513
20,1,3,29123
20,1,4,3136
20,1,5,132
20,1,6,6
20,2,2,21608
20,2,3,288668
20,2,4,47832
20,2,5,3219
20,2,6,91
20,2,7,4
20,3,3,1074862
20,3,4,390884
20,3,5,38206
20,3,6,1676
20,3,7,76
20,4,8,19
20,4,4,1553059
20,4,5,242714
20,4,6,16083
20,4,7,918
20,5,8,188
20,5,5,667235
20,5,6,87840
20,5,7,6583
20,6,8,1369
20,6,6,213105
20,6,7,29422
20,7,8,5243
20,7,7,57827
20,8,8,9291
21,0,2,144
21,0,3,987
21,0,4,93
21,0,5,3
21,1,2,2386
21,1,3,28785
21,1,4,3228
21,1,5,176
21,1,6,5
21,2,2,21780
21,2,3,288597
21,2,4,48019
21,2,5,3558
21,2,6,114
21,2,7,4
21,3,3,1075246
21,3,4,394457
21,3,5,39894
21,3,6,1731
21,3,7,75
21,3,8,2
21,4,8,23
21,4,4,1549206
21,4,5,245010
21,4,6,16141
21,4,7,816
21,5,8,198
21,5,5,662869
21,5,6,88127
21,5,7,6602
21,6,8,1339
21,6,6,212683
21,6,7,29971
21,7,8,5308
21,7,7,57362
21,8,8,9240
22,0,2,126
22,0,3,1002
22,0,4,88
22,0,5,2
22,1,2,2512
22,1,3,30713
22,1,4,3315
22,1,5,177
22,1,6,6
22,2,2,21672
22,2,3,299825
22,2,4,49238
22,2,5,3407
22,2,6,129
22,2,7,3
22,3,3,1062075
22,3,4,391794
22,3,5,39471
22,3,6,1758
22,3,7,77
22,3,8,2
22,4,8,23
22,4,4,1550568
22,4,5,244755
22,4,6,16423
22,4,7,878
22,5,8,244
22,5,5,663698
22,5,6,88123
22,5,7,6438
22,6,8,1418
22,6,6,212362
22,6,7,29422
22,7,8,5293
22,7,7,58012
22,8,8,9130
23,0,2,137
23,0,3,1042
23,0,4,86
23,0,5,3
23,1,2,2509
23,1,3,31405
23,1,4,3159
23,1,5,139
23,1,6,5
23,2,2,21664
23,2,3,298585
23,2,4,48773
23,2,5,3550
23,2,6,113
23,3,3,1062583
23,3,4,395538
23,3,5,38856
23,3,6,1837
23,3,7,66
23,4,8,35
23,4,4,1547447
23,4,5,244985
23,4,6,16683
23,4,7,823
23,5,8,242
23,5,5,663977
23,5,6,88913
23,5,7,6584
23,6,8,1586
23,6,6,211250
23,6,7,29363
23,7,8,5515
23,7,7,57994
23,8,8,8732
24,0,2,160
24,0,3,867
24,0,4,95
24,0,5,6
24,1,2,2541
24,1,3,29140
24,1,4,3381
24,1,5,158
24,1,6,6
24,2,2,21609
24,2,3,295748
24,2,4,48131
24,2,5,3493
24,2,6,118
24,2,7,4
24,3,3,1067860
24,3,4,391394
24,3,5,38845
24,3,6,1800
24,3,7,57
24,4,8,26
24,4,4,1552002
24,4,5,240855
24,4,6,16383
24,4,7,779
24,5,8,247
24,5,5,668153
24,5,6,88729
24,5,7,6396
24,6,8,1425
24,6,6,211765
24,6,7,28894
24,7,8,5488
24,7,7,58700
24,8,8,8924
25,0,2,129
25,0,3,1069
25,0,4,113
25,0,5,2
25,1,2,2287
25,1,3,30947
25,1,4,3449
25,1,5,137
25,1,6,8
25,1,7,1
25,2,2,21894
25,2,3,302017
25,2,4,49521
25,2,5,3297
25,2,6,144
25,2,7,8
25,3,3,1059582
25,3,4,393992
25,3,5,38430
25,3,6,1929
25,3,7,88
25,3,8,4
25,4,8,27
25,4,4,1547928
25,4,5,241833
25,4,6,17369
25,4,7,807
25,5,8,260
25,5,5,667811
25,5,6,90760
25,5,7,6501
25,6,8,1614
25,6,6,208591
25,6,7,28993
25,7,8,5437
25,7,7,58432
25,8,8,8768
26,0,2,160
26,0,3,959
26,0,4,102
26,0,5,4
26,1,2,2484
26,1,3,28347
26,1,4,3338
26,1,5,154
26,1,6,4
26,2,2,21666
26,2,3,288352
26,2,4,49378
26,2,5,3276
26,2,6,107
26,2,7,6
26,3,3,1075957
26,3,4,396003
26,3,5,38017
26,3,6,1741
26,3,7,73
26,4,8,10
26,4,4,1546182
26,4,5,239563
26,4,6,16150
26,4,7,838
26,5,8,181
26,5,5,670496
26,5,6,87842
26,5,7,6544
26,6,8,1228
26,6,6,212957
26,6,7,29405
26,7,8,5147
26,7,7,57964
26,8,8,9544
27,0,2,140
27,0,3,956
27,0,4,87
27,0,5,1
27,1,2,2553
27,1,3,28652
27,1,4,3174
27,1,5,151
27,1,6,3
27,1,7,1
27,2,2,21617
27,2,3,292158
27,2,4,48395
27,2,5,3362
27,2,6,123
27,2,7,2
27,3,3,1071849
27,3,4,391691
27,3,5,38867
27,3,6,1832
27,3,7,64
27,3,8,1
27,4,8,20
27,4,4,1551656
27,4,5,243200
27,4,6,17142
27,4,7,936
27,5,8,220
27,5,5,665929
27,5,6,89555
27,5,7,6708
27,6,8,1410
27,6,6,210146
27,6,7,30045
27,7,8,5343
27,7,7,57074
27,8,8,9116
28,0,2,148
28,0,3,919
28,0,4,93
28,0,5,4
28,1,2,2445
28,1,3,28934
28,1,4,3534
28,1,5,159
28,1,6,3
28,2,2,21717
28,2,3,293009
28,2,4,50630
28,2,5,3431
28,2,6,126
28,2,7,4
28,3,3,1070753
28,3,4,403210
28,3,5,39385
28,3,6,1904
28,3,7,72
28,3,8,4
28,4,8,27
28,4,4,1537536
28,4,5,243609
28,4,6,16800
28,4,7,776
28,5,8,233
28,5,5,664922
28,5,6,89048
28,5,7,5997
28,6,8,1562
28,6,6,210920
28,6,7,28536
28,7,8,5407
28,7,7,59445
28,8,8,8877
29,0,2,130
29,0,3,924
29,0,4,99
29,0,5,4
29,1,2,2380
29,1,3,28345
29,1,4,3433
29,1,5,190
29,1,6,9
29,2,2,21800
29,2,3,291449
29,2,4,50325
29,2,5,3692
29,2,6,154
29,2,7,7
29,3,3,1072897
29,3,4,398263
29,3,5,40867
29,3,6,2011
29,3,7,70
29,3,8,2
29,4,8,19
29,4,4,1542883
29,4,5,244964
29,4,6,17462
29,4,7,910
29,5,8,227
29,5,5,661793
29,5,6,91358
29,5,7,6815
29,6,8,1493
29,6,6,207807
29,6,7,29541
29,7,8,5268
29,7,7,57487
29,8,8,9101
