lexicon,lev, length_count, neighbors
real,0,2,94
real,0,3,303
real,0,4,183
real,0,5,54
real,0,6,18
real,0,7,2
real,0,8,1
real,1,2,2599
real,1,3,17107
real,1,4,6953
real,1,5,1126
real,1,6,118
real,1,7,19
real,1,8,2
real,2,2,21617
real,2,3,215976
real,2,4,60291
real,2,5,8751
real,2,6,717
real,2,7,57
real,2,8,11
real,3,3,1160229
real,3,4,376449
real,3,5,54834
real,3,6,4738
real,3,7,428
real,3,8,29
real,4,8,136
real,4,4,1551127
real,4,5,245566
real,4,6,25807
real,4,7,2290
real,5,8,594
real,5,5,641179
real,5,6,95731
real,5,7,10529
real,6,8,2296
real,6,6,191672
real,6,7,32651
real,7,8,6047
real,7,7,48854
real,8,8,6994
0,0,2,196
0,0,3,1122
0,0,4,901
0,0,5,338
0,0,6,77
0,0,7,17
0,0,8,4
0,1,2,2672
0,1,3,17852
0,1,4,7211
0,1,5,1668
0,1,6,203
0,1,7,37
0,1,8,1
0,2,2,21442
0,2,3,215469
0,2,4,62082
0,2,5,8390
0,2,6,891
0,2,7,91
0,2,8,10
0,3,3,1159172
0,3,4,384913
0,3,5,55641
0,3,6,4797
0,3,7,371
0,3,8,32
0,4,8,95
0,4,4,1539896
0,4,5,245775
0,4,6,26508
0,4,7,2087
0,5,8,424
0,5,5,639698
0,5,6,94640
0,5,7,9583
0,6,8,1883
0,6,6,191685
0,6,7,31070
0,7,8,5746
0,7,7,51574
0,8,8,7915
1,0,2,193
1,0,3,1116
1,0,4,885
1,0,5,336
1,0,6,72
1,0,7,14
1,1,2,2488
1,1,3,16923
1,1,4,7023
1,1,5,1367
1,1,6,156
1,1,7,30
1,1,8,7
1,2,2,21629
1,2,3,215438
1,2,4,62186
1,2,5,8684
1,2,6,733
1,2,7,81
1,2,8,8
1,3,3,1160138
1,3,4,381967
1,3,5,56193
1,3,6,4411
1,3,7,402
1,3,8,15
1,4,8,79
1,4,4,1542942
1,4,5,244040
1,4,6,25222
1,4,7,1938
1,5,8,439
1,5,5,640890
1,5,6,94878
1,5,7,9308
1,6,8,1879
1,6,6,193329
1,6,7,31416
1,7,8,5762
1,7,7,51641
1,8,8,7921
2,0,2,192
2,0,3,1093
2,0,4,974
2,0,5,327
2,0,6,99
2,0,7,8
2,0,8,2
2,1,2,2575
2,1,3,16244
2,1,4,6978
2,1,5,1364
2,1,6,193
2,1,7,23
2,1,8,4
2,2,2,21543
2,2,3,211769
2,2,4,61915
2,2,5,8511
2,2,6,822
2,2,7,86
2,2,8,11
2,3,3,1164509
2,3,4,384851
2,3,5,56272
2,3,6,4740
2,3,7,369
2,3,8,23
2,4,8,91
2,4,4,1540285
2,4,5,248233
2,4,6,25071
2,4,7,1970
2,5,8,480
2,5,5,636803
2,5,6,93958
2,5,7,9226
2,6,8,2063
2,6,6,193918
2,6,7,30688
2,7,8,5802
2,7,7,52460
2,8,8,7634
3,0,2,198
3,0,3,1148
3,0,4,942
3,0,5,337
3,0,6,81
3,0,7,22
3,0,8,2
3,1,2,2282
3,1,3,16731
3,1,4,7130
3,1,5,1326
3,1,6,182
3,1,7,23
3,1,8,6
3,2,2,21830
3,2,3,214007
3,2,4,62289
3,2,5,8614
3,2,6,758
3,2,7,78
3,2,8,7
3,3,3,1161729
3,3,4,390133
3,3,5,56845
3,3,6,4424
3,3,7,380
3,3,8,35
3,4,8,128
3,4,4,1534509
3,4,5,245520
3,4,6,25453
3,4,7,2108
3,5,8,569
3,5,5,638868
3,5,6,94186
3,5,7,9599
3,6,8,2191
3,6,6,193717
3,6,7,31187
3,7,8,5850
3,7,7,51433
3,8,8,7322
4,0,2,173
4,0,3,1043
4,0,4,972
4,0,5,323
4,0,6,72
4,0,7,12
4,0,8,2
4,1,2,2348
4,1,3,17502
4,1,4,7486
4,1,5,1306
4,1,6,195
4,1,7,23
4,1,8,6
4,2,2,21789
4,2,3,221235
4,2,4,61580
4,2,5,8606
4,2,6,854
4,2,7,76
4,2,8,15
4,3,3,1153835
4,3,4,378992
4,3,5,55288
4,3,6,4945
4,3,7,391
4,3,8,18
4,4,8,91
4,4,4,1545973
4,4,5,246315
4,4,6,25643
4,4,7,1992
4,5,8,497
4,5,5,639672
4,5,6,95685
4,5,7,9445
4,6,8,2145
4,6,6,191407
4,6,7,31424
4,7,8,5955
4,7,7,51467
4,8,8,7381
5,0,2,195
5,0,3,1133
5,0,4,877
5,0,5,330
5,0,6,88
5,0,7,17
5,1,2,2685
5,1,3,16848
5,1,4,7370
5,1,5,1487
5,1,6,181
5,1,7,30
5,1,8,6
5,2,2,21430
5,2,3,215022
5,2,4,61876
5,2,5,8598
5,2,6,782
5,2,7,85
5,2,8,5
5,3,3,1160612
5,3,4,383153
5,3,5,54965
5,3,6,5187
5,3,7,415
5,3,8,18
5,4,8,74
5,4,4,1541727
5,4,5,250339
5,4,6,27316
5,4,7,1996
5,5,8,444
5,5,5,635791
5,5,6,94428
5,5,7,9495
5,6,8,1887
5,6,6,190819
5,6,7,30502
5,7,8,5569
5,7,7,52290
5,8,8,8107
6,0,2,208
6,0,3,1007
6,0,4,955
6,0,5,393
6,0,6,85
6,0,7,27
6,0,8,2
6,1,2,2572
6,1,3,16916
6,1,4,7505
6,1,5,1322
6,1,6,168
6,1,7,32
6,1,8,3
6,2,2,21530
6,2,3,214790
6,2,4,62348
6,2,5,8350
6,2,6,733
6,2,7,81
6,2,8,5
6,3,3,1160902
6,3,4,390664
6,3,5,56199
6,3,6,4439
6,3,7,360
6,3,8,15
6,4,8,81
6,4,4,1533531
6,4,5,241621
6,4,6,24599
6,4,7,2012
6,5,8,453
6,5,5,643625
6,5,6,95610
6,5,7,9617
6,6,8,1949
6,6,6,193167
6,6,7,31172
6,7,8,5996
6,7,7,51529
6,8,8,7606
7,0,2,218
7,0,3,1018
7,0,4,991
7,0,5,309
7,0,6,85
7,0,7,15
7,1,2,2387
7,1,3,16950
7,1,4,7921
7,1,5,1484
7,1,6,185
7,1,7,22
7,1,8,2
7,2,2,21705
7,2,3,213383
7,2,4,63400
7,2,5,8521
7,2,6,747
7,2,7,84
7,2,8,10
7,3,3,1162264
7,3,4,389300
7,3,5,54262
7,3,6,4645
7,3,7,406
7,3,8,19
7,4,8,83
7,4,4,1533391
7,4,5,245494
7,4,6,25680
7,4,7,1995
7,5,8,500
7,5,5,641440
7,5,6,95536
7,5,7,9656
7,6,8,1923
7,6,6,191923
7,6,7,30947
7,7,8,5608
7,7,7,51705
7,8,8,7965
8,0,2,196
8,0,3,1076
8,0,4,933
8,0,5,317
8,0,6,82
8,0,7,14
8,1,2,2407
8,1,3,16687
8,1,4,7284
8,1,5,1419
8,1,6,192
8,1,7,30
8,1,8,2
8,2,2,21707
8,2,3,213366
8,2,4,62594
8,2,5,8567
8,2,6,866
8,2,7,97
8,2,8,4
8,3,3,1162486
8,3,4,382168
8,3,5,56952
8,3,6,4633
8,3,7,404
8,3,8,25
8,4,8,109
8,4,4,1542024
8,4,5,242615
8,4,6,25254
8,4,7,2208
8,5,8,464
8,5,5,641640
8,5,6,93910
8,5,7,9791
8,6,8,1906
8,6,6,193864
8,6,7,31157
8,7,8,5618
8,7,7,51129
8,8,8,7982
9,0,2,219
9,0,3,1030
9,0,4,1007
9,0,5,326
9,0,6,109
9,0,7,18
9,1,2,2570
9,1,3,16731
9,1,4,7748
9,1,5,1662
9,1,6,204
9,1,7,28
9,1,8,1
9,2,2,21521
9,2,3,215096
9,2,4,64195
9,2,5,9167
9,2,6,824
9,2,7,74
9,2,8,7
9,3,3,1160758
9,3,4,387968
9,3,5,59394
9,3,6,4729
9,3,7,371
9,3,8,32
9,4,8,117
9,4,4,1534085
9,4,5,248052
9,4,6,25280
9,4,7,1988
9,5,8,529
9,5,5,632909
9,5,6,95920
9,5,7,9251
9,6,8,2251
9,6,6,191735
9,6,7,31084
9,7,8,5819
9,7,7,52016
9,8,8,7354
10,0,2,207
10,0,3,1081
10,0,4,950
10,0,5,305
10,0,6,96
10,0,7,13
10,0,8,1
10,1,2,2280
10,1,3,16678
10,1,4,6869
10,1,5,1217
10,1,6,205
10,1,7,30
10,1,8,3
10,2,2,21823
10,2,3,212944
10,2,4,60329
10,2,5,8235
10,2,6,904
10,2,7,93
10,2,8,9
10,3,3,1162912
10,3,4,385241
10,3,5,55550
10,3,6,5250
10,3,7,437
10,3,8,14
10,4,8,84
10,4,4,1541614
10,4,5,248569
10,4,6,27272
10,4,7,2196
10,5,8,463
10,5,5,637634
10,5,6,96552
10,5,7,9713
10,6,8,1982
10,6,6,188522
10,6,7,31192
10,7,8,5978
10,7,7,51156
10,8,8,7576
11,0,2,209
11,0,3,1014
11,0,4,955
11,0,5,355
11,0,6,77
11,0,7,21
11,0,8,5
11,1,2,2531
11,1,3,17182
11,1,4,7267
11,1,5,1463
11,1,6,152
11,1,7,32
11,1,8,5
11,2,2,21570
11,2,3,218233
11,2,4,61858
11,2,5,8429
11,2,6,820
11,2,7,92
11,2,8,6
11,3,3,1157186
11,3,4,390474
11,3,5,57255
11,3,6,4766
11,3,7,401
11,3,8,17
11,4,8,97
11,4,4,1534449
11,4,5,248715
11,4,6,26185
11,4,7,1918
11,5,8,437
11,5,5,635293
11,5,6,94905
11,5,7,9385
11,6,8,1924
11,6,6,191896
11,6,7,31093
11,7,8,5693
11,7,7,51888
11,8,8,7926
12,0,2,180
12,0,3,1071
12,0,4,954
12,0,5,315
12,0,6,90
12,0,7,21
12,0,8,1
12,1,2,2590
12,1,3,16462
12,1,4,6959
12,1,5,1456
12,1,6,186
12,1,7,26
12,1,8,2
12,2,2,21540
12,2,3,212720
12,2,4,58897
12,2,5,9051
12,2,6,744
12,2,7,87
12,2,8,13
12,3,3,1163362
12,3,4,386496
12,3,5,58296
12,3,6,4339
12,3,7,394
12,3,8,22
12,4,8,94
12,4,4,1541697
12,4,5,245540
12,4,6,24755
12,4,7,1984
12,5,8,531
12,5,5,636852
12,5,6,93281
12,5,7,9688
12,6,8,2127
12,6,6,195406
12,6,7,30996
12,7,8,5882
12,7,7,51634
12,8,8,7438
13,0,2,206
13,0,3,1078
13,0,4,995
13,0,5,331
13,0,6,99
13,0,7,14
13,0,8,9
13,1,2,2338
13,1,3,16500
13,1,4,6957
13,1,5,1574
13,1,6,214
13,1,7,24
13,1,8,5
13,2,2,21766
13,2,3,212877
13,2,4,60301
13,2,5,9750
13,2,6,932
13,2,7,88
13,2,8,8
13,3,3,1163160
13,3,4,386136
13,3,5,60106
13,3,6,5063
13,3,7,431
13,3,8,17
13,4,8,97
13,4,4,1540614
13,4,5,253643
13,4,6,26483
13,4,7,2326
13,5,8,476
13,5,5,626106
13,5,6,94723
13,5,7,10714
13,6,8,2116
13,6,6,191287
13,6,7,32296
13,7,8,5945
13,7,7,48937
13,8,8,7437
14,0,2,176
14,0,3,1051
14,0,4,994
14,0,5,356
14,0,6,84
14,0,7,21
14,0,8,1
14,1,2,2356
14,1,3,16486
14,1,4,7029
14,1,5,1654
14,1,6,165
14,1,7,32
14,1,8,3
14,2,2,21778
14,2,3,211010
14,2,4,62416
14,2,5,8799
14,2,6,795
14,2,7,84
14,2,8,7
14,3,3,1165068
14,3,4,384009
14,3,5,57793
14,3,6,4791
14,3,7,375
14,3,8,23
14,4,8,67
14,4,4,1540555
14,4,5,243430
14,4,6,25857
14,4,7,1993
14,5,8,439
14,5,5,639478
14,5,6,94732
14,5,7,9344
14,6,8,1918
14,6,6,192377
14,6,7,31027
14,7,8,5827
14,7,7,51954
14,8,8,7825
15,0,2,194
15,0,3,1018
15,0,4,973
15,0,5,342
15,0,6,88
15,0,7,13
15,0,8,1
15,1,2,2539
15,1,3,17522
15,1,4,7506
15,1,5,1552
15,1,6,192
15,1,7,24
15,1,8,5
15,2,2,21577
15,2,3,216630
15,2,4,66266
15,2,5,9327
15,2,6,947
15,2,7,88
15,2,8,2
15,3,3,1158445
15,3,4,398526
15,3,5,58187
15,3,6,5107
15,3,7,394
15,3,8,17
15,4,8,80
15,4,4,1521732
15,4,5,251387
15,4,6,26089
15,4,7,2091
15,5,8,445
15,5,5,630715
15,5,6,93712
15,5,7,9466
15,6,8,1988
15,6,6,192666
15,6,7,31381
15,7,8,5853
15,7,7,51373
15,8,8,7719
16,0,2,216
16,0,3,1050
16,0,4,850
16,0,5,321
16,0,6,86
16,0,7,8
16,0,8,2
16,1,2,2579
16,1,3,17100
16,1,4,7100
16,1,5,1576
16,1,6,198
16,1,7,31
16,1,8,3
16,2,2,21515
16,2,3,214584
16,2,4,60384
16,2,5,8950
16,2,6,783
16,2,7,63
16,2,8,13
16,3,3,1160881
16,3,4,381998
16,3,5,56734
16,3,6,4691
16,3,7,415
16,3,8,23
16,4,8,84
16,4,4,1544671
16,4,5,246968
16,4,6,24812
16,4,7,2085
16,5,8,447
16,5,5,636961
16,5,6,91427
16,5,7,9662
16,6,8,2060
16,6,6,196804
16,6,7,30987
16,7,8,5691
16,7,7,51579
16,8,8,7787
17,0,2,226
17,0,3,1021
17,0,4,1016
17,0,5,298
17,0,6,86
17,0,7,22
17,0,8,3
17,1,2,2301
17,1,3,16803
17,1,4,6984
17,1,5,1295
17,1,6,208
17,1,7,25
17,1,8,3
17,2,2,21783
17,2,3,216759
17,2,4,60132
17,2,5,8460
17,2,6,785
17,2,7,81
17,2,8,8
17,3,3,1159032
17,3,4,374180
17,3,5,55747
17,3,6,4941
17,3,7,373
17,3,8,22
17,4,8,115
17,4,4,1552691
17,4,5,248326
17,4,6,26872
17,4,7,2130
17,5,8,521
17,5,5,637384
17,5,6,97009
17,5,7,9553
17,6,8,2199
17,6,6,188900
17,6,7,31207
17,7,8,5782
17,7,7,51439
17,8,8,7457
18,0,2,257
18,0,3,1104
18,0,4,920
18,0,5,308
18,0,6,88
18,0,7,22
18,0,8,2
18,1,2,2299
18,1,3,16906
18,1,4,7212
18,1,5,1485
18,1,6,203
18,1,7,30
18,1,8,5
18,2,2,21754
18,2,3,216345
18,2,4,62528
18,2,5,8793
18,2,6,794
18,2,7,80
18,2,8,9
18,3,3,1159260
18,3,4,388987
18,3,5,59935
18,3,6,4794
18,3,7,413
18,3,8,14
18,4,8,94
18,4,4,1535356
18,4,5,248374
18,4,6,26309
18,4,7,2278
18,5,8,474
18,5,5,632615
18,5,6,97215
18,5,7,10452
18,6,8,2092
18,6,6,189398
18,6,7,31509
18,7,8,5886
18,7,7,50046
18,8,8,7534
19,0,2,185
19,0,3,1065
19,0,4,956
19,0,5,315
19,0,6,85
19,0,7,21
19,1,2,2826
19,1,3,17337
19,1,4,7110
19,1,5,1288
19,1,6,178
19,1,7,29
19,1,8,2
19,2,2,21299
19,2,3,217886
19,2,4,59307
19,2,5,8655
19,2,6,840
19,2,7,82
19,2,8,6
19,3,3,1157327
19,3,4,380221
19,3,5,55499
19,3,6,4677
19,3,7,384
19,3,8,20
19,4,8,88
19,4,4,1547409
19,4,5,246708
19,4,6,25609
19,4,7,2075
19,5,8,469
19,5,5,639045
19,5,6,95174
19,5,7,9801
19,6,8,1963
19,6,6,192238
19,6,7,31832
19,7,8,5711
19,7,7,50606
19,8,8,7851
20,0,2,181
20,0,3,1110
20,0,4,994
20,0,5,327
20,0,6,83
20,0,7,17
20,0,8,1
20,1,2,2369
20,1,3,17188
20,1,4,6914
20,1,5,1448
20,1,6,192
20,1,7,29
20,1,8,3
20,2,2,21760
20,2,3,218104
20,2,4,58232
20,2,5,8223
20,2,6,812
20,2,7,70
20,2,8,8
20,3,3,1157213
20,3,4,377494
20,3,5,54335
20,3,6,4770
20,3,7,345
20,3,8,28
20,4,8,107
20,4,4,1551369
20,4,5,245518
20,4,6,24344
20,4,7,1980
20,5,8,523
20,5,5,641659
20,5,6,93412
20,5,7,9483
20,6,8,2206
20,6,6,195188
20,6,7,31224
20,7,8,5822
20,7,7,51682
20,8,8,7412
21,0,2,168
21,0,3,1038
21,0,4,987
21,0,5,303
21,0,6,95
21,0,7,14
21,0,8,1
21,1,2,2254
21,1,3,15837
21,1,4,7101
21,1,5,1444
21,1,6,167
21,1,7,28
21,1,8,1
21,2,2,21888
21,2,3,208821
21,2,4,60109
21,2,5,8708
21,2,6,783
21,2,7,85
21,2,8,12
21,3,3,1167919
21,3,4,386931
21,3,5,56808
21,3,6,4779
21,3,7,374
21,3,8,21
21,4,8,110
21,4,4,1539875
21,4,5,250357
21,4,6,25174
21,4,7,2056
21,5,8,520
21,5,5,633890
21,5,6,93349
21,5,7,9213
21,6,8,2095
21,6,6,194454
21,6,7,30648
21,7,8,5758
21,7,7,52412
21,8,8,7592
22,0,2,207
22,0,3,1088
22,0,4,979
22,0,5,298
22,0,6,89
22,0,7,22
22,1,2,2501
22,1,3,16487
22,1,4,6924
22,1,5,1460
22,1,6,178
22,1,7,26
22,1,8,2
22,2,2,21602
22,2,3,211345
22,2,4,61483
22,2,5,8879
22,2,6,935
22,2,7,99
22,2,8,4
22,3,3,1164695
22,3,4,379736
22,3,5,54370
22,3,6,5278
22,3,7,372
22,3,8,23
22,4,8,72
22,4,4,1545881
22,4,5,243272
22,4,6,28076
22,4,7,1983
22,5,8,352
22,5,5,643231
22,5,6,96218
22,5,7,9419
22,6,8,1799
22,6,6,188027
22,6,7,30531
22,7,8,5658
22,7,7,52378
22,8,8,8200
23,0,2,221
23,0,3,1122
23,0,4,949
23,0,5,356
23,0,6,77
23,0,7,21
23,0,8,3
23,1,2,2809
23,1,3,17210
23,1,4,6522
23,1,5,1583
23,1,6,193
23,1,7,35
23,1,8,4
23,2,2,21280
23,2,3,214832
23,2,4,60406
23,2,5,9650
23,2,6,890
23,2,7,105
23,2,8,10
23,3,3,1160451
23,3,4,390105
23,3,5,60923
23,3,6,4880
23,3,7,441
23,3,8,22
23,4,8,85
23,4,4,1537021
23,4,5,249265
23,4,6,26132
23,4,7,2117
23,5,8,460
23,5,5,629733
23,5,6,95676
23,5,7,9905
23,6,8,2130
23,6,6,190953
23,6,7,31836
23,7,8,5862
23,7,7,50370
23,8,8,7534
24,0,2,177
24,0,3,1045
24,0,4,931
24,0,5,313
24,0,6,98
24,0,7,20
24,0,8,1
24,1,2,2336
24,1,3,17467
24,1,4,7154
24,1,5,1471
24,1,6,178
24,1,7,25
24,1,8,1
24,2,2,21797
24,2,3,214825
24,2,4,60627
24,2,5,8723
24,2,6,910
24,2,7,71
24,2,8,2
24,3,3,1160278
24,3,4,387677
24,3,5,56521
24,3,6,4752
24,3,7,382
24,3,8,14
24,4,8,76
24,4,4,1538614
24,4,5,250363
24,4,6,25735
24,4,7,2234
24,5,8,470
24,5,5,634119
24,5,6,96377
24,5,7,10123
24,6,8,1957
24,6,6,190751
24,6,7,31619
24,7,8,5804
24,7,7,50356
24,8,8,7785
25,0,2,175
25,0,3,1072
25,0,4,1009
25,0,5,336
25,0,6,60
25,0,7,12
25,0,8,1
25,1,2,2622
25,1,3,17780
25,1,4,7205
25,1,5,1401
25,1,6,167
25,1,7,27
25,1,8,4
25,2,2,21513
25,2,3,221879
25,2,4,60496
25,2,5,8086
25,2,6,824
25,2,7,86
25,2,8,3
25,3,3,1152884
25,3,4,378569
25,3,5,54552
25,3,6,4828
25,3,7,363
25,3,8,24
25,4,8,109
25,4,4,1547724
25,4,5,246455
25,4,6,26627
25,4,7,1911
25,5,8,515
25,5,5,640680
25,5,6,96863
25,5,7,9123
25,6,8,2174
25,6,6,189432
25,6,7,30626
25,7,8,5938
25,7,7,52682
25,8,8,7342
26,0,2,186
26,0,3,1022
26,0,4,939
26,0,5,274
26,0,6,79
26,0,7,14
26,0,8,2
26,1,2,2318
26,1,3,16659
26,1,4,7049
26,1,5,1361
26,1,6,234
26,1,7,20
26,1,8,3
26,2,2,21806
26,2,3,210474
26,2,4,60847
26,2,5,8790
26,2,6,895
26,2,7,88
26,2,8,4
26,3,3,1165460
26,3,4,384040
26,3,5,56185
26,3,6,4869
26,3,7,409
26,3,8,14
26,4,8,74
26,4,4,1542128
26,4,5,250233
26,4,6,25213
26,4,7,2159
26,5,8,487
26,5,5,634667
26,5,6,94110
26,5,7,9721
26,6,8,2106
26,6,6,193401
26,6,7,31596
26,7,8,5790
26,7,7,50823
26,8,8,7630
27,0,2,182
27,0,3,1089
27,0,4,1029
27,0,5,336
27,0,6,100
27,0,7,18
27,0,8,1
27,1,2,2297
27,1,3,17072
27,1,4,7343
27,1,5,1418
27,1,6,171
27,1,7,47
27,1,8,2
27,2,2,21831
27,2,3,215640
27,2,4,61592
27,2,5,8645
27,2,6,734
27,2,7,71
27,2,8,15
27,3,3,1159814
27,3,4,384939
27,3,5,56548
27,3,6,4474
27,3,7,410
27,3,8,24
27,4,8,98
27,4,4,1540100
27,4,5,245094
27,4,6,24798
27,4,7,2107
27,5,8,487
27,5,5,639469
27,5,6,93562
27,5,7,9821
27,6,8,2029
27,6,6,194962
27,6,7,30861
27,7,8,5980
27,7,7,51495
27,8,8,7474
28,0,2,184
28,0,3,1119
28,0,4,1014
28,0,5,334
28,0,6,78
28,0,7,38
28,0,8,1
28,1,2,2350
28,1,3,17258
28,1,4,7322
28,1,5,1467
28,1,6,206
28,1,7,32
28,1,8,5
28,2,2,21776
28,2,3,215871
28,2,4,63601
28,2,5,8654
28,2,6,818
28,2,7,95
28,2,8,11
28,3,3,1159367
28,3,4,389794
28,3,5,56228
28,3,6,4810
28,3,7,367
28,3,8,20
28,4,8,111
28,4,4,1533272
28,4,5,250202
28,4,6,26344
28,4,7,1855
28,5,8,501
28,5,5,634625
28,5,6,92924
28,5,7,9116
28,6,8,2059
28,6,6,193621
28,6,7,31389
28,7,8,5741
28,7,7,51938
28,8,8,7661
29,0,2,187
29,0,3,1120
29,0,4,995
29,0,5,313
29,0,6,93
29,0,7,18
29,0,8,2
29,1,2,2456
29,1,3,17073
29,1,4,7467
29,1,5,1294
29,1,6,186
29,1,7,27
29,2,2,21667
29,2,3,207288
29,2,4,61177
29,2,5,7913
29,2,6,698
29,2,7,70
29,2,8,8
29,3,3,1168134
29,3,4,381650
29,3,5,54388
29,3,6,3989
29,3,7,350
29,3,8,15
29,4,8,71
29,4,4,1543714
29,4,5,242535
29,4,6,23461
29,4,7,1946
29,5,8,420
29,5,5,645067
29,5,6,94094
29,5,7,9098
29,6,8,1901
29,6,6,196280
29,6,7,30939
29,7,8,5772
29,7,7,52382
29,8,8,7921
