lexicon,lev, length_count, neighbors
real,0,8,1
real,0,4,183
real,0,5,54
real,0,6,18
real,0,7,2
real,1,8,2
real,1,4,6953
real,1,5,1126
real,1,6,118
real,1,7,19
real,2,8,11
real,2,4,60291
real,2,5,8751
real,2,6,717
real,2,7,57
real,3,8,29
real,3,4,376449
real,3,5,54834
real,3,6,4738
real,3,7,428
real,4,8,136
real,4,4,1551127
real,4,5,245566
real,4,6,25807
real,4,7,2290
real,5,8,594
real,5,5,641179
real,5,6,95731
real,5,7,10529
real,6,8,2296
real,6,6,191672
real,6,7,32651
real,7,8,6047
real,7,7,48854
real,8,8,6994
0,0,8,47
0,0,4,1224
0,0,5,693
0,0,6,309
0,0,7,146
0,1,8,22
0,1,4,6786
0,1,5,1301
0,1,6,173
0,1,7,39
0,2,8,18
0,2,4,60214
0,2,5,8534
0,2,6,723
0,2,7,63
0,3,8,28
0,3,4,377021
0,3,5,55701
0,3,6,5022
0,3,7,336
0,4,8,132
0,4,4,1549758
0,4,5,247560
0,4,6,26392
0,4,7,2256
0,5,8,560
0,5,5,637721
0,5,6,95333
0,5,7,10380
0,6,8,2323
0,6,6,190849
0,6,7,32127
0,7,8,6120
0,7,7,49483
0,8,8,6860
1,0,8,38
1,0,4,1122
1,0,5,698
1,0,6,340
1,0,7,144
1,1,8,18
1,1,4,6874
1,1,5,1299
1,1,6,140
1,1,7,45
1,2,8,15
1,2,4,59780
1,2,5,9365
1,2,6,654
1,2,7,55
1,3,8,35
1,3,4,378312
1,3,5,57670
1,3,6,4362
1,3,7,396
1,4,8,136
1,4,4,1548915
1,4,5,247894
1,4,6,23974
1,4,7,2153
1,5,8,570
1,5,5,634584
1,5,6,93013
1,5,7,10405
1,6,8,2241
1,6,6,196318
1,6,7,31977
1,7,8,6081
1,7,7,49655
1,8,8,6976
2,0,8,52
2,0,4,1097
2,0,5,699
2,0,6,322
2,0,7,151
2,1,8,20
2,1,4,6825
2,1,5,1120
2,1,6,164
2,1,7,32
2,2,8,22
2,2,4,59398
2,2,5,8339
2,2,6,723
2,2,7,54
2,3,8,30
2,3,4,380027
2,3,5,52862
2,3,6,4536
2,3,7,335
2,4,8,112
2,4,4,1547656
2,4,5,246850
2,4,6,25508
2,4,7,2144
2,5,8,533
2,5,5,641640
2,5,6,96063
2,5,7,10151
2,6,8,2272
2,6,6,191485
2,6,7,32017
2,7,8,5971
2,7,7,49946
2,8,8,7098
3,0,8,57
3,0,4,1113
3,0,5,656
3,0,6,351
3,0,7,153
3,1,8,20
3,1,4,7529
3,1,5,1250
3,1,6,118
3,1,7,34
3,2,8,8
3,2,4,60892
3,2,5,8465
3,2,6,686
3,2,7,61
3,3,8,49
3,3,4,380368
3,3,5,54093
3,3,6,4123
3,3,7,445
3,4,8,109
3,4,4,1545101
3,4,5,242837
3,4,6,25012
3,4,7,2217
3,5,8,620
3,5,5,644209
3,5,6,96182
3,5,7,10487
3,6,8,2151
3,6,6,192329
3,6,7,32561
3,7,8,5917
3,7,7,48872
3,8,8,7179
4,0,8,47
4,0,4,1093
4,0,5,633
4,0,6,291
4,0,7,185
4,1,8,13
4,1,4,6776
4,1,5,1077
4,1,6,154
4,1,7,34
4,2,8,25
4,2,4,59546
4,2,5,8574
4,2,6,599
4,2,7,51
4,3,8,25
4,3,4,377061
4,3,5,55639
4,3,6,4385
4,3,7,411
4,4,8,124
4,4,4,1550527
4,4,5,250649
4,4,6,24318
4,4,7,2073
4,5,8,574
4,5,5,634938
4,5,6,93927
4,5,7,9639
4,6,8,2136
4,6,6,195127
4,6,7,31811
4,7,8,6076
4,7,7,50626
4,8,8,7090
5,0,8,57
5,0,4,1237
5,0,5,634
5,0,6,320
5,0,7,179
5,1,8,24
5,1,4,7109
5,1,5,1156
5,1,6,150
5,1,7,36
5,2,8,16
5,2,4,61230
5,2,5,8646
5,2,6,684
5,2,7,83
5,3,8,25
5,3,4,382034
5,3,5,55228
5,3,6,4888
5,3,7,311
5,4,8,112
5,4,4,1543393
5,4,5,244655
5,4,6,26435
5,4,7,1895
5,5,8,475
5,5,5,641191
5,5,6,96506
5,5,7,9601
5,6,8,2271
5,6,6,189818
5,6,7,31513
5,7,8,6065
5,7,7,51212
5,8,8,7065
6,0,8,50
6,0,4,1115
6,0,5,687
6,0,6,327
6,0,7,159
6,1,8,29
6,1,4,7438
6,1,5,1166
6,1,6,161
6,1,7,30
6,2,8,24
6,2,4,63294
6,2,5,8906
6,2,6,664
6,2,7,76
6,3,8,14
6,3,4,382260
6,3,5,55301
6,3,6,4032
6,3,7,418
6,4,8,113
6,4,4,1540896
6,4,5,245207
6,4,6,23835
6,4,7,2226
6,5,8,565
6,5,5,640243
6,5,6,94253
6,5,7,10663
6,6,8,2448
6,6,6,195529
6,6,7,32327
6,7,8,5994
6,7,7,48931
6,8,8,6873
7,0,8,58
7,0,4,1149
7,0,5,732
7,0,6,294
7,0,7,163
7,1,8,10
7,1,4,7347
7,1,5,1304
7,1,6,181
7,1,7,29
7,2,8,19
7,2,4,60210
7,2,5,8919
7,2,6,714
7,2,7,88
7,3,8,23
7,3,4,375825
7,3,5,56424
7,3,6,4515
7,3,7,429
7,4,8,94
7,4,4,1550472
7,4,5,246602
7,4,6,25643
7,4,7,2217
7,5,8,556
7,5,5,637529
7,5,6,98354
7,5,7,10156
7,6,8,2232
7,6,6,189100
7,6,7,31930
7,7,8,5882
7,7,7,49818
7,8,8,7236
8,0,8,26
8,0,4,1210
8,0,5,641
8,0,6,345
8,0,7,139
8,1,8,11
8,1,4,6978
8,1,5,1152
8,1,6,115
8,1,7,31
8,2,8,9
8,2,4,59845
8,2,5,8744
8,2,6,687
8,2,7,74
8,3,8,39
8,3,4,376757
8,3,5,55486
8,3,6,4504
8,3,7,311
8,4,8,131
8,4,4,1550213
8,4,5,242855
8,4,6,25223
8,4,7,1940
8,5,8,606
8,5,5,642632
8,5,6,96125
8,5,7,9374
8,6,8,2351
8,6,6,191802
8,6,7,31326
8,7,8,5939
8,7,7,51635
8,8,8,6998
9,0,8,52
9,0,4,1159
9,0,5,682
9,0,6,313
9,0,7,186
9,1,8,27
9,1,4,7105
9,1,5,1131
9,1,6,142
9,1,7,41
9,2,8,16
9,2,4,60618
9,2,5,8833
9,2,6,647
9,2,7,69
9,3,8,28
9,3,4,371791
9,3,5,55422
9,3,6,4700
9,3,7,342
9,4,8,135
9,4,4,1554330
9,4,5,246525
9,4,6,25579
9,4,7,2178
9,5,8,616
9,5,5,638917
9,5,6,95017
9,5,7,10238
9,6,8,2366
9,6,6,192403
9,6,7,32049
9,7,8,6244
9,7,7,49727
9,8,8,6626
10,0,8,40
10,0,4,1165
10,0,5,656
10,0,6,344
10,0,7,161
10,1,8,12
10,1,4,6952
10,1,5,1085
10,1,6,143
10,1,7,28
10,2,8,17
10,2,4,59975
10,2,5,8408
10,2,6,775
10,2,7,48
10,3,8,29
10,3,4,373064
10,3,5,51599
10,3,6,4758
10,3,7,312
10,4,8,86
10,4,4,1553847
10,4,5,242022
10,4,6,26521
10,4,7,1737
10,5,8,524
10,5,5,647740
10,5,6,97507
10,5,7,9292
10,6,8,2347
10,6,6,188753
10,6,7,30964
10,7,8,6036
10,7,7,52288
10,8,8,7019
11,0,8,38
11,0,4,1208
11,0,5,648
11,0,6,318
11,0,7,146
11,1,8,24
11,1,4,7057
11,1,5,1221
11,1,6,202
11,1,7,45
11,2,8,12
11,2,4,59611
11,2,5,8711
11,2,6,849
11,2,7,79
11,3,8,21
11,3,4,376510
11,3,5,56241
11,3,6,4464
11,3,7,444
11,4,8,139
11,4,4,1550617
11,4,5,245233
11,4,6,24249
11,4,7,2150
11,5,8,564
11,5,5,639456
11,5,6,92710
11,5,7,10147
11,6,8,2284
11,6,6,196009
11,6,7,31868
11,7,8,5887
11,7,7,49951
11,8,8,7141
12,0,8,48
12,0,4,1128
12,0,5,709
12,0,6,319
12,0,7,171
12,1,8,20
12,1,4,7180
12,1,5,1060
12,1,6,230
12,1,7,25
12,2,8,8
12,2,4,62483
12,2,5,8513
12,2,6,825
12,2,7,61
12,3,8,29
12,3,4,382955
12,3,5,54615
12,3,6,4555
12,3,7,387
12,4,8,152
12,4,4,1541257
12,4,5,248023
12,4,6,25458
12,4,7,2111
12,5,8,650
12,5,5,638590
12,5,6,94793
12,5,7,10178
12,6,8,2485
12,6,6,192621
12,6,7,32540
12,7,8,6072
12,7,7,49357
12,8,8,6646
13,0,8,60
13,0,4,1129
13,0,5,633
13,0,6,330
13,0,7,159
13,1,8,9
13,1,4,7103
13,1,5,1110
13,1,6,124
13,1,7,40
13,2,8,22
13,2,4,60565
13,2,5,8915
13,2,6,689
13,2,7,100
13,3,8,32
13,3,4,373279
13,3,5,55549
13,3,6,4369
13,3,7,428
13,4,8,163
13,4,4,1552927
13,4,5,247984
13,4,6,25255
13,4,7,2502
13,5,8,652
13,5,5,637319
13,5,6,95671
13,5,7,10895
13,6,8,2214
13,6,6,192363
13,6,7,33211
13,7,8,5854
13,7,7,47495
13,8,8,7104
14,0,8,47
14,0,4,1147
14,0,5,625
14,0,6,349
14,0,7,147
14,1,8,21
14,1,4,6553
14,1,5,1241
14,1,6,137
14,1,7,42
14,2,8,9
14,2,4,59630
14,2,5,8982
14,2,6,661
14,2,7,59
14,3,8,24
14,3,4,374426
14,3,5,55259
14,3,6,4435
14,3,7,381
14,4,8,114
14,4,4,1553247
14,4,5,249218
14,4,6,24441
14,4,7,1984
14,5,8,573
14,5,5,636185
14,5,6,94476
14,5,7,10334
14,6,8,2262
14,6,6,194302
14,6,7,32212
14,7,8,5848
14,7,7,49671
14,8,8,7212
15,0,8,43
15,0,4,1158
15,0,5,675
15,0,6,297
15,0,7,155
15,1,8,10
15,1,4,7207
15,1,5,1279
15,1,6,139
15,1,7,51
15,2,8,19
15,2,4,61130
15,2,5,8745
15,2,6,662
15,2,7,86
15,3,8,33
15,3,4,380017
15,3,5,55513
15,3,6,4402
15,3,7,412
15,4,8,135
15,4,4,1545491
15,4,5,245931
15,4,6,24045
15,4,7,2051
15,5,8,629
15,5,5,639367
15,5,6,93227
15,5,7,10137
15,6,8,2317
15,6,6,196029
15,6,7,31915
15,7,8,5831
15,7,7,50023
15,8,8,7093
16,0,8,32
16,0,4,1132
16,0,5,677
16,0,6,309
16,0,7,161
16,1,8,7
16,1,4,6455
16,1,5,1304
16,1,6,137
16,1,7,34
16,2,8,5
16,2,4,57625
16,2,5,9498
16,2,6,678
16,2,7,71
16,3,8,20
16,3,4,371697
16,3,5,57834
16,3,6,4564
16,3,7,422
16,4,8,119
16,4,4,1558094
16,4,5,242690
16,4,6,24322
16,4,7,2307
16,5,8,607
16,5,5,639507
16,5,6,95099
16,5,7,10531
16,6,8,2310
16,6,6,193692
16,6,7,32307
16,7,8,5916
16,7,7,48997
16,8,8,7094
17,0,8,48
17,0,4,1175
17,0,5,673
17,0,6,325
17,0,7,151
17,1,8,14
17,1,4,6899
17,1,5,1126
17,1,6,147
17,1,7,36
17,2,8,8
17,2,4,60159
17,2,5,8187
17,2,6,734
17,2,7,82
17,3,8,20
17,3,4,371060
17,3,5,53981
17,3,6,4556
17,3,7,427
17,4,8,167
17,4,4,1555710
17,4,5,244942
17,4,6,24981
17,4,7,2247
17,5,8,574
17,5,5,642601
17,5,6,95549
17,5,7,10340
17,6,8,2536
17,6,6,192509
17,6,7,32649
17,7,8,5867
17,7,7,48898
17,8,8,6876
18,0,8,49
18,0,4,1126
18,0,5,641
18,0,6,370
18,0,7,154
18,1,8,20
18,1,4,6883
18,1,5,1204
18,1,6,135
18,1,7,32
18,2,8,17
18,2,4,59991
18,2,5,9118
18,2,6,847
18,2,7,75
18,3,8,13
18,3,4,369706
18,3,5,57378
18,3,6,5568
18,3,7,455
18,4,8,100
18,4,4,1557297
18,4,5,243278
18,4,6,28228
18,4,7,2278
18,5,8,580
18,5,5,639891
18,5,6,94985
18,5,7,10703
18,6,8,2209
18,6,6,188668
18,6,7,32139
18,7,8,5853
18,7,7,48994
18,8,8,7269
19,0,8,40
19,0,4,1139
19,0,5,667
19,0,6,283
19,0,7,143
19,1,8,17
19,1,4,6727
19,1,5,1137
19,1,6,171
19,1,7,26
19,2,8,15
19,2,4,59909
19,2,5,8555
19,2,6,833
19,2,7,79
19,3,8,19
19,3,4,373410
19,3,5,56712
19,3,6,4959
19,3,7,451
19,4,8,122
19,4,4,1553818
19,4,5,247649
19,4,6,26202
19,4,7,2325
19,5,8,577
19,5,5,636790
19,5,6,96259
19,5,7,10573
19,6,8,2187
19,6,6,190094
19,6,7,32628
19,7,8,5827
19,7,7,48605
19,8,8,7306
20,0,8,43
20,0,4,1151
20,0,5,667
20,0,6,288
20,0,7,155
20,1,8,13
20,1,4,7432
20,1,5,1256
20,1,6,169
20,1,7,41
20,2,8,15
20,2,4,61217
20,2,5,9201
20,2,6,619
20,2,7,89
20,3,8,20
20,3,4,378768
20,3,5,58320
20,3,6,4177
20,3,7,417
20,4,8,109
20,4,4,1546435
20,4,5,248708
20,4,6,23879
20,4,7,2347
20,5,8,511
20,5,5,633358
20,5,6,93052
20,5,7,10855
20,6,8,2205
20,6,6,196617
20,6,7,32024
20,7,8,5836
20,7,7,48902
20,8,8,7358
21,0,8,38
21,0,4,1109
21,0,5,675
21,0,6,295
21,0,7,177
21,1,8,19
21,1,4,7057
21,1,5,1088
21,1,6,136
21,1,7,35
21,2,8,10
21,2,4,61704
21,2,5,8966
21,2,6,716
21,2,7,52
21,3,8,16
21,3,4,383538
21,3,5,55576
21,3,6,4553
21,3,7,329
21,4,8,81
21,4,4,1541595
21,4,5,248823
21,4,6,25003
21,4,7,2061
21,5,8,478
21,5,5,636382
21,5,6,95898
21,5,7,10183
21,6,8,2086
21,6,6,192200
21,6,7,32305
21,7,8,5876
21,7,7,49688
21,8,8,7506
22,0,8,41
22,0,4,1088
22,0,5,648
22,0,6,330
22,0,7,169
22,1,8,19
22,1,4,6683
22,1,5,1117
22,1,6,155
22,1,7,32
22,2,8,13
22,2,4,61322
22,2,5,8701
22,2,6,773
22,2,7,84
22,3,8,43
22,3,4,378701
22,3,5,55428
22,3,6,4678
22,3,7,351
22,4,8,139
22,4,4,1547209
22,4,5,248026
22,4,6,25453
22,4,7,2444
22,5,8,623
22,5,5,637590
22,5,6,95012
22,5,7,10941
22,6,8,2436
22,6,6,192400
22,6,7,33320
22,7,8,6028
22,7,7,47489
22,8,8,6768
23,0,8,49
23,0,4,1130
23,0,5,710
23,0,6,296
23,0,7,182
23,1,8,27
23,1,4,6624
23,1,5,1189
23,1,6,168
23,1,7,17
23,2,8,12
23,2,4,59088
23,2,5,8673
23,2,6,725
23,2,7,70
23,3,8,35
23,3,4,369094
23,3,5,55743
23,3,6,4790
23,3,7,390
23,4,8,111
23,4,4,1559067
23,4,5,243515
23,4,6,25151
23,4,7,2126
23,5,8,532
23,5,5,641680
23,5,6,92776
23,5,7,9828
23,6,8,2144
23,6,6,194895
23,6,7,31389
23,7,8,6032
23,7,7,50828
23,8,8,7168
24,0,8,39
24,0,4,1135
24,0,5,695
24,0,6,320
24,0,7,132
24,1,8,25
24,1,4,6651
24,1,5,1305
24,1,6,144
24,1,7,53
24,2,8,14
24,2,4,57917
24,2,5,9645
24,2,6,592
24,2,7,74
24,3,8,22
24,3,4,377051
24,3,5,57810
24,3,6,4488
24,3,7,407
24,4,8,96
24,4,4,1552249
24,4,5,252794
24,4,6,25755
24,4,7,2153
24,5,8,544
24,5,5,629261
24,5,6,95649
24,5,7,10094
24,6,8,2043
24,6,6,191853
24,6,7,32310
24,7,8,5779
24,7,7,49607
24,8,8,7548
25,0,8,52
25,0,4,1202
25,0,5,692
25,0,6,307
25,0,7,144
25,1,8,23
25,1,4,6846
25,1,5,1114
25,1,6,145
25,1,7,41
25,2,8,8
25,2,4,60025
25,2,5,8509
25,2,6,642
25,2,7,56
25,3,8,13
25,3,4,374498
25,3,5,53546
25,3,6,4489
25,3,7,369
25,4,8,110
25,4,4,1552432
25,4,5,243019
25,4,6,25179
25,4,7,2186
25,5,8,574
25,5,5,644630
25,5,6,95627
25,5,7,10669
25,6,8,2167
25,6,6,192412
25,6,7,32441
25,7,8,5842
25,7,7,48924
25,8,8,7321
26,0,8,45
26,0,4,1136
26,0,5,658
26,0,6,311
26,0,7,153
26,1,8,13
26,1,4,7193
26,1,5,1187
26,1,6,187
26,1,7,19
26,2,8,14
26,2,4,60962
26,2,5,8996
26,2,6,639
26,2,7,93
26,3,8,29
26,3,4,375844
26,3,5,55302
26,3,6,4487
26,3,7,419
26,4,8,154
26,4,4,1549868
26,4,5,248155
26,4,6,23902
26,4,7,2171
26,5,8,611
26,5,5,637212
26,5,6,94019
26,5,7,10474
26,6,8,2303
26,6,6,195256
26,6,7,32352
26,7,8,5916
26,7,7,49149
26,8,8,7025
27,0,8,47
27,0,4,1129
27,0,5,673
27,0,6,323
27,0,7,158
27,1,8,20
27,1,4,7445
27,1,5,1202
27,1,6,140
27,1,7,52
27,2,8,11
27,2,4,63416
27,2,5,8604
27,2,6,708
27,2,7,77
27,3,8,22
27,3,4,384014
27,3,5,52795
27,3,6,4664
27,3,7,424
27,4,8,111
27,4,4,1538999
27,4,5,240374
27,4,6,27013
27,4,7,2342
27,5,8,545
27,5,5,647862
27,5,6,97213
27,5,7,10665
27,6,8,2183
27,6,6,188740
27,6,7,32824
27,7,8,6256
27,7,7,48288
27,8,8,6915
28,0,8,65
28,0,4,1132
28,0,5,699
28,0,6,342
28,0,7,168
28,1,8,14
28,1,4,7004
28,1,5,1211
28,1,6,146
28,1,7,28
28,2,8,10
28,2,4,60583
28,2,5,9329
28,2,6,698
28,2,7,71
28,3,8,43
28,3,4,379685
28,3,5,56245
28,3,6,4232
28,3,7,355
28,4,8,100
28,4,4,1546599
28,4,5,250026
28,4,6,24636
28,4,7,2175
28,5,8,578
28,5,5,634000
28,5,6,94424
28,5,7,9959
28,6,8,2084
28,6,6,194323
28,6,7,32138
28,7,8,5948
28,7,7,49936
28,8,8,7268
29,0,8,47
29,0,4,1128
29,0,5,651
29,0,6,294
29,0,7,145
29,1,8,20
29,1,4,7027
29,1,5,1178
29,1,6,204
29,1,7,36
29,2,8,16
29,2,4,60098
29,2,5,9033
29,2,6,879
29,2,7,61
29,3,8,26
29,3,4,373244
29,3,5,56608
29,3,6,4949
29,3,7,402
29,4,8,112
29,4,4,1553506
29,4,5,251744
29,4,6,27389
29,4,7,1998
29,5,8,471
29,5,5,632296
29,5,6,97474
29,5,7,10469
29,6,8,2196
29,6,6,187612
29,6,7,32289
29,7,8,5908
29,7,7,49430
29,8,8,7314
